param NumberOfPoints:=1000;
param NumberOfDimensions:=2;
param NumberOfClusters:=1;
param Point:=
1 1 -6.63281102522178
1 2 -9.147567205299888
2 1 -6.4856562571440435
2 2 -8.739371722779577
3 1 -7.278100829273917
3 2 -8.007134883610684
4 1 -7.7361594882340246
4 2 -10.60663363969306
5 1 -6.78746498476095
5 2 -9.308042041266072
6 1 -5.9046858800148865
6 2 -7.620366098427637
7 1 -6.209908394490907
7 2 -8.858231000932081
8 1 -8.065838083086454
8 2 -8.906046614041456
9 1 -5.827834053546922
9 2 -11.747629802183988
10 1 -7.605510863437543
10 2 -8.135454642716038
11 1 -6.958965409780518
11 2 -8.482360244795919
12 1 -7.938088966268864
12 2 -8.427582248883713
13 1 -8.346057924237785
13 2 -8.978056818338366
14 1 -8.510470515113148
14 2 -8.762847782237271
15 1 -7.294308196920657
15 2 -9.493828302500711
16 1 -7.135960972785551
16 2 -8.877025808973013
17 1 -6.557415817094818
17 2 -11.071504778234232
18 1 -4.45381567098673
18 2 -9.221969093538487
19 1 -8.835601173320573
19 2 -9.335781632034228
20 1 -7.076295749357895
20 2 -8.78033929787265
21 1 -6.2793093103607935
21 2 -9.445854485545379
22 1 -6.560089968608174
22 2 -8.096539418771716
23 1 -7.021680869077076
23 2 -8.375490301213862
24 1 -6.459932061691944
24 2 -9.172643438151582
25 1 -7.025502036475753
25 2 -8.864901092965193
26 1 -7.403997873019805
26 2 -10.544673026009725
27 1 -5.9320171807276045
27 2 -11.179493065180061
28 1 -7.807941673354768
28 2 -10.997494497148441
29 1 -5.779330044355105
29 2 -8.013646244778752
30 1 -5.480221051014588
30 2 -8.537427727450288
31 1 -5.8309349967414725
31 2 -10.620272713197695
32 1 -6.693170713250118
32 2 -7.561961272088357
33 1 -6.195248008107037
33 2 -10.695540875250106
34 1 -7.4929469712778864
34 2 -8.492402679871958
35 1 -7.194241377400855
35 2 -9.530262231950987
36 1 -5.665003011883324
36 2 -10.057590656623166
37 1 -7.32299320419578
37 2 -9.407548245545643
38 1 -5.96851669503393
38 2 -10.347200190404262
39 1 -6.488648505075461
39 2 -9.382980334982493
40 1 -8.099090817581416
40 2 -9.027406144762645
41 1 -4.683546567007049
41 2 -8.817765891226578
42 1 -7.2509222195049094
42 2 -9.741636859740911
43 1 -6.345386514393069
43 2 -8.830908000073647
44 1 -6.76633439984261
44 2 -10.064689027544288
45 1 -6.218031769943786
45 2 -10.179316394153
46 1 -6.150483660350246
46 2 -10.548597719793262
47 1 -6.045239680723395
47 2 -8.135121910984866
48 1 -6.2832355416043555
48 2 -7.871006483753366
49 1 -6.962052445744936
49 2 -7.886820018633073
50 1 -7.007423997554497
50 2 -6.412168213592345
51 1 -6.0894508915980134
51 2 -7.321815493987793
52 1 -6.074888286663277
52 2 -8.45607207443397
53 1 -4.8670084251655386
53 2 -7.214550066536512
54 1 -7.219732691929446
54 2 -8.909150920073133
55 1 -6.770296405096059
55 2 -8.590057835235662
56 1 -4.614027787134154
56 2 -8.055604696838493
57 1 -6.566342634103583
57 2 -8.519888020824354
58 1 -5.493302913764025
58 2 -6.223054580321794
59 1 -7.1105171431972805
59 2 -8.252034949764008
60 1 -6.577528384951276
60 2 -8.972087724638891
61 1 -6.402673299178113
61 2 -10.281605151128453
62 1 -8.361248943085204
62 2 -8.91067102394188
63 1 -8.36742873358743
63 2 -9.987413561594908
64 1 -6.472543635206794
64 2 -8.331269169852824
65 1 -7.2944423077688425
65 2 -12.146051989783938
66 1 -8.100561138701563
66 2 -7.912171970346577
67 1 -5.998315783813943
67 2 -7.757698504509333
68 1 -6.248885882414589
68 2 -10.625005065497328
69 1 -6.937501876902962
69 2 -9.427787018187543
70 1 -6.740184594771947
70 2 -10.396989652264853
71 1 -7.585013251503979
71 2 -11.09507918350693
72 1 -5.610409546793677
72 2 -8.5327180132951
73 1 -5.902242852177248
73 2 -8.673557219646927
74 1 -7.294548621727612
74 2 -10.849247211078238
75 1 -4.675243368151792
75 2 -10.195588887422097
76 1 -6.252952150513235
76 2 -8.462205464375236
77 1 -6.481167896474499
77 2 -8.564321664549862
78 1 -6.49016863706945
78 2 -8.676707122918588
79 1 -6.493766406342107
79 2 -9.32949810812092
80 1 -5.260666866591791
80 2 -9.527858821354762
81 1 -6.551719266153832
81 2 -8.610404807736494
82 1 -5.490039077855531
82 2 -8.76837488470914
83 1 -5.983605264287508
83 2 -9.610317219503814
84 1 -6.242049462514037
84 2 -8.567506688938778
85 1 -6.160210981200775
85 2 -8.395274631404446
86 1 -7.7092150883693495
86 2 -10.906528042322389
87 1 -6.784056188675444
87 2 -7.962832018901877
88 1 -8.283242324303792
88 2 -8.561070983113728
89 1 -6.2998521776433805
89 2 -10.10620614527507
90 1 -6.107057974487534
90 2 -7.3355016851046715
91 1 -5.061831984319815
91 2 -8.652603855948234
92 1 -8.349399684609985
92 2 -9.624914334117403
93 1 -7.020020129328901
93 2 -8.802382637086342
94 1 -6.03834953176123
94 2 -8.081426143403807
95 1 -4.085341855047609
95 2 -9.345987222618902
96 1 -4.907642576065821
96 2 -9.563501512185642
97 1 -5.706082595910739
97 2 -9.814836568002335
98 1 -6.054215035231154
98 2 -9.03396141522481
99 1 -6.25865930167077
99 2 -9.249095852803759
100 1 -6.860003793987816
100 2 -9.983392256263164
101 1 -8.256273631672839
101 2 -10.155946607789966
102 1 -5.162044890286667
102 2 -7.966260889043109
103 1 -4.681966302473226
103 2 -10.43090256224086
104 1 -7.132162848504133
104 2 -9.143045367642474
105 1 -6.8541122593415045
105 2 -10.24065637597137
106 1 -4.608008220391639
106 2 -9.135708080007994
107 1 -5.312161548919809
107 2 -8.756130562771709
108 1 -6.768153552098497
108 2 -8.638694468794482
109 1 -8.40031776169606
109 2 -8.325307307299685
110 1 -6.597377018848609
110 2 -10.410654146769158
111 1 -7.613621103238938
111 2 -9.333204666255705
112 1 -7.471798060612792
112 2 -8.70558602685568
113 1 -5.498306846253717
113 2 -8.993410763536751
114 1 -5.669667551783693
114 2 -9.229198835765029
115 1 -6.943476573000377
115 2 -10.317367081438807
116 1 -6.065593307776054
116 2 -9.099832305343135
117 1 -6.953171410651615
117 2 -9.717791524677597
118 1 -6.825435956421679
118 2 -7.746841273135184
119 1 -6.8477270611415815
119 2 -10.528822780295341
120 1 -6.1913178229132875
120 2 -7.974900230167165
121 1 -5.960506795188333
121 2 -10.103484187607693
122 1 -5.4387244614144254
122 2 -6.806232832028596
123 1 -7.068730212759811
123 2 -9.330267563824005
124 1 -7.870810940373324
124 2 -10.409239975941013
125 1 -7.337252422730889
125 2 -9.202014704173989
126 1 -6.513035463546637
126 2 -9.65602744507138
127 1 -8.346268032398445
127 2 -8.824097814971646
128 1 -5.968479452311386
128 2 -9.587520282338735
129 1 -7.245096304168277
129 2 -9.08050586885032
130 1 -5.526422112558304
130 2 -9.613304426552626
131 1 -6.619177856055396
131 2 -7.841305447707416
132 1 -6.880091816610461
132 2 -9.292893707844831
133 1 -5.628932427462
133 2 -8.216064461437593
134 1 -7.860980310331016
134 2 -9.759143541019595
135 1 -7.2164713688718924
135 2 -9.76774646521456
136 1 -5.870530029494375
136 2 -8.858362768396123
137 1 -6.262931978279306
137 2 -10.899534464711419
138 1 -5.640039831257808
138 2 -9.960206075838336
139 1 -6.145214154970838
139 2 -8.814941278292627
140 1 -4.218259439841357
140 2 -9.25033231616206
141 1 -6.409266333049785
141 2 -10.989020439323813
142 1 -7.893523587599853
142 2 -7.840841543227603
143 1 -6.620094404304083
143 2 -6.967767188363363
144 1 -5.803363007348475
144 2 -9.599528772769942
145 1 -5.464121961521507
145 2 -11.936878524852311
146 1 -6.787159442462323
146 2 -9.352487758391538
147 1 -5.598620168190623
147 2 -7.7470374474799595
148 1 -7.2138129994163425
148 2 -7.468748332613407
149 1 -6.58319024633354
149 2 -10.584040755124299
150 1 -5.99592271008009
150 2 -7.969271317209689
151 1 -6.9702321277651045
151 2 -11.073910104803977
152 1 -5.086953296477304
152 2 -8.473896141881406
153 1 -6.585392712151288
153 2 -9.326336186874197
154 1 -6.112906324618455
154 2 -10.640844894629263
155 1 -6.467530519447834
155 2 -9.69725831200219
156 1 -7.685729723049145
156 2 -9.189558666716774
157 1 -5.843899288942888
157 2 -7.336722922979009
158 1 -6.52462859468576
158 2 -9.906332566240053
159 1 -9.64845400664275
159 2 -9.216673958423984
160 1 -5.663154740794265
160 2 -9.580651301745696
161 1 -6.557299354197972
161 2 -9.033246009565957
162 1 -8.16379594810361
162 2 -10.240987733399043
163 1 -4.741942018848271
163 2 -11.773710224340036
164 1 -6.816079447380803
164 2 -10.3897790447677
165 1 -5.906756843295668
165 2 -9.626645715841391
166 1 -6.65042541700496
166 2 -10.14986483160359
167 1 -6.151952910256421
167 2 -9.021189720860619
168 1 -5.448984947631588
168 2 -8.240703688990124
169 1 -6.170764972752236
169 2 -9.411293736000465
170 1 -4.8247300899267165
170 2 -10.243427602641706
171 1 -5.261251230105492
171 2 -9.252548609476996
172 1 -6.62107759098639
172 2 -10.224574041257881
173 1 -6.916712774097419
173 2 -9.79445030312819
174 1 -7.404446221610655
174 2 -10.076416255668164
175 1 -6.383674277664891
175 2 -8.731955394930129
176 1 -5.959039075042146
176 2 -10.039923339396848
177 1 -5.1853631822450925
177 2 -8.389943063080116
178 1 -7.791385258375331
178 2 -9.449567947806418
179 1 -8.578001287364554
179 2 -9.203942109157152
180 1 -6.326124858679719
180 2 -9.838381057341763
181 1 -5.524091818602184
181 2 -9.113678917748217
182 1 -5.228849393991849
182 2 -8.986272721709085
183 1 -6.9360075355371285
183 2 -8.532318241634327
184 1 -6.596582986986729
184 2 -11.278499508505812
185 1 -5.571585440398958
185 2 -7.964604967910553
186 1 -7.169224945713172
186 2 -9.037963497828137
187 1 -5.758600326251498
187 2 -8.680760858244852
188 1 -5.977893910295132
188 2 -8.1340149904784
189 1 -7.445240728832528
189 2 -10.334197506048858
190 1 -6.200905961657509
190 2 -9.108289890116456
191 1 -7.333368606637172
191 2 -10.34268432482297
192 1 -7.322878755503979
192 2 -9.06862564215393
193 1 -5.904066328920412
193 2 -8.86129057064064
194 1 -7.2962773493445825
194 2 -10.661695491688766
195 1 -5.2019559237481054
195 2 -7.202835349965692
196 1 -6.878974793391108
196 2 -8.721793741606096
197 1 -7.182932465033119
197 2 -8.704243920608535
198 1 -6.661765218670046
198 2 -8.599220254549909
199 1 -7.225952993896072
199 2 -10.290706626275975
200 1 -6.749350235012792
200 2 -10.592049101236388
201 1 -7.014919740519606
201 2 -10.842779721871048
202 1 -6.8838532692059315
202 2 -7.591625656656832
203 1 -9.025643101719105
203 2 -8.869297170407371
204 1 -5.013074199057315
204 2 -11.304551626198652
205 1 -6.286807894354677
205 2 -8.4667524647261
206 1 -6.645243176232727
206 2 -9.170919682017976
207 1 -6.9735133222263554
207 2 -8.604502692457173
208 1 -4.645411660335663
208 2 -10.2423760164541
209 1 -8.186804240009915
209 2 -9.05955734538659
210 1 -6.390603707274858
210 2 -8.103538213703855
211 1 -6.723576158562708
211 2 -10.337092921673921
212 1 -6.162308986838452
212 2 -9.319996567171305
213 1 -8.07217577838422
213 2 -9.02615723091353
214 1 -6.647644549779808
214 2 -9.313105700333473
215 1 -6.263032824450934
215 2 -8.49592199110787
216 1 -5.664000313587629
216 2 -9.391453669252023
217 1 -5.518720753562608
217 2 -9.892272283852545
218 1 -5.022454662782592
218 2 -8.485139977297012
219 1 -5.67709741394751
219 2 -9.61471033676474
220 1 -7.792338898296711
220 2 -10.47507938204791
221 1 -6.563776982750812
221 2 -10.37688334671819
222 1 -7.322836519797248
222 2 -8.365198659231464
223 1 -6.355891588138199
223 2 -7.990342568617463
224 1 -7.98516180339576
224 2 -9.816719744798942
225 1 -8.064314018798523
225 2 -10.810791351309796
226 1 -8.889018823033354
226 2 -8.865453479375109
227 1 -5.100307131843463
227 2 -9.869216799405791
228 1 -7.867788953839782
228 2 -10.120711771038565
229 1 -5.411117334506479
229 2 -10.333348178659344
230 1 -5.6405244689641965
230 2 -8.03616487720287
231 1 -7.6618590457447855
231 2 -7.395293044634414
232 1 -7.612050171934478
232 2 -8.66392920532385
233 1 -6.019507349840702
233 2 -11.43659207106905
234 1 -5.840118131630665
234 2 -10.101994454646308
235 1 -6.451705228317191
235 2 -8.494840369499801
236 1 -6.5760383934185205
236 2 -10.00476181311491
237 1 -6.054744366945746
237 2 -10.981213234997373
238 1 -6.60332506200784
238 2 -9.37374607486696
239 1 -6.2622301636528945
239 2 -10.207016204646402
240 1 -5.852953681599533
240 2 -9.157470569738825
241 1 -4.0927229692181
241 2 -10.55252895015089
242 1 -8.014096461161017
242 2 -9.844502679936717
243 1 -6.456621980085701
243 2 -9.728354249598798
244 1 -7.04683135958739
244 2 -9.125143858685606
245 1 -4.882409783585707
245 2 -10.581743306415431
246 1 -6.342255113002416
246 2 -9.766594677622566
247 1 -6.30537184928372
247 2 -10.130465634091374
248 1 -7.362837413544076
248 2 -8.371399112412764
249 1 -5.957209365140747
249 2 -9.463159048149178
250 1 -7.459963943427688
250 2 -9.241434639667027
251 1 -5.693762730991287
251 2 -10.641565465759449
252 1 -6.995492287649381
252 2 -10.339724702686208
253 1 -7.035420456536941
253 2 -9.615981628327605
254 1 -5.906101357588325
254 2 -9.231281890820899
255 1 -6.138119129053428
255 2 -7.705261359772496
256 1 -5.8810929612706815
256 2 -9.6171576986851
257 1 -5.546539008534271
257 2 -10.326616784759125
258 1 -6.2379960963736405
258 2 -8.022524780340586
259 1 -5.598477400803601
259 2 -9.894638831477213
260 1 -6.338874329262593
260 2 -9.507760714844547
261 1 -7.089980642153699
261 2 -9.160617238930268
262 1 -8.316592568164596
262 2 -10.139990361050174
263 1 -5.205036945382354
263 2 -8.870340098459817
264 1 -7.460715329637182
264 2 -8.367496716888004
265 1 -7.037793301603065
265 2 -9.485389881364304
266 1 -5.850476364222255
266 2 -9.86640066767534
267 1 -6.455308008611176
267 2 -10.17041409225125
268 1 -5.989512506731171
268 2 -9.933501472662925
269 1 -4.677087151542604
269 2 -9.85135562915606
270 1 -6.737438348017913
270 2 -9.056056189715717
271 1 -6.022412469419216
271 2 -9.738499537226087
272 1 -7.77889388057209
272 2 -8.676807850679658
273 1 -5.493634337253889
273 2 -10.863305286726185
274 1 -6.903589442292622
274 2 -9.659350090816291
275 1 -5.850487758244862
275 2 -10.36081882767254
276 1 -7.915392350332065
276 2 -7.573105919943655
277 1 -8.91336590011446
277 2 -10.606288244812045
278 1 -5.793392099432286
278 2 -6.531462309065143
279 1 -8.823634382870011
279 2 -9.003736458872046
280 1 -6.624078379639503
280 2 -9.346716095089311
281 1 -5.967059849533977
281 2 -9.21261446176595
282 1 -6.866589113376688
282 2 -9.797760077671438
283 1 -6.979713337632084
283 2 -10.159349808655913
284 1 -6.238864957586527
284 2 -9.755411505380255
285 1 -7.564733877080455
285 2 -9.74633558327333
286 1 -6.833931728023632
286 2 -10.511770859095861
287 1 -7.058757020823673
287 2 -10.33097102420803
288 1 -7.825897530679528
288 2 -10.766527945441721
289 1 -6.226228501977017
289 2 -9.553716668914845
290 1 -6.407179495090148
290 2 -9.871667165041869
291 1 -6.112770800580186
291 2 -9.649138850818417
292 1 -7.0478602150916165
292 2 -9.72899221148499
293 1 -6.657994828162598
293 2 -7.997407367630806
294 1 -5.671408367930272
294 2 -8.787388780044958
295 1 -7.563643275853874
295 2 -8.538535944515997
296 1 -7.024613786476016
296 2 -10.034757877138814
297 1 -5.848917278815529
297 2 -8.331758540297463
298 1 -5.756807588297133
298 2 -10.105525911268753
299 1 -6.590577940427305
299 2 -9.006326219121211
300 1 -7.901449465675393
300 2 -9.851146385495719
301 1 -6.1132310601546616
301 2 -8.332685369401235
302 1 -6.860018672114058
302 2 -10.239702511787316
303 1 -5.476173770630102
303 2 -9.054889315590957
304 1 -4.992020567042813
304 2 -10.372723276233092
305 1 -7.205929036114261
305 2 -9.316667494689522
306 1 -6.299620378321305
306 2 -9.46105647943109
307 1 -8.649576830959358
307 2 -11.092601484168163
308 1 -6.679823502471607
308 2 -8.257221558588405
309 1 -7.233342471547151
309 2 -8.811561355297814
310 1 -5.446456586133053
310 2 -12.366478576558688
311 1 -7.398415100214363
311 2 -9.189822338247074
312 1 -5.682768321981351
312 2 -9.33621889854974
313 1 -6.28298413463034
313 2 -9.451116521434907
314 1 -6.496680348944111
314 2 -9.209956406721046
315 1 -5.670046169192503
315 2 -9.790428589150652
316 1 -6.909495136485283
316 2 -10.874530275796232
317 1 -6.000949757722468
317 2 -9.983032539709624
318 1 -4.485825331899726
318 2 -8.868330168297861
319 1 -5.408205343888751
319 2 -10.91130335025782
320 1 -5.769569720672676
320 2 -8.869772600369803
321 1 -5.770713010272249
321 2 -10.367743862621836
322 1 -6.88538072289284
322 2 -9.778562892627932
323 1 -8.242823448094775
323 2 -9.187663547117705
324 1 -8.230566300398268
324 2 -9.182108137249264
325 1 -5.563354782326381
325 2 -8.603032910003456
326 1 -6.046846712931884
326 2 -10.632125865580832
327 1 -7.349545795253059
327 2 -8.35537199716516
328 1 -5.31648782261448
328 2 -9.45146095862559
329 1 -6.987573535366383
329 2 -8.508590526814356
330 1 -6.3339693275577575
330 2 -7.799646353225862
331 1 -6.597087786295689
331 2 -8.35101014933655
332 1 -6.644800464763197
332 2 -9.356227111981154
333 1 -5.788483885598178
333 2 -7.405486299567412
334 1 -5.510874963347302
334 2 -8.942959426774378
335 1 -7.5076015794086395
335 2 -10.473697361616674
336 1 -5.39587656280691
336 2 -8.91100697205284
337 1 -6.832227482401438
337 2 -11.713910840997833
338 1 -5.932674441447593
338 2 -10.375635018412892
339 1 -4.878165699604496
339 2 -9.142774986687996
340 1 -5.713589645693021
340 2 -8.87647990477518
341 1 -8.196905478670983
341 2 -9.016687531191305
342 1 -6.985162388529234
342 2 -8.615111251110125
343 1 -6.094425962519002
343 2 -11.102596617869658
344 1 -8.256593548434822
344 2 -10.079589175426783
345 1 -7.569243084753112
345 2 -8.571852784000823
346 1 -6.043276729740107
346 2 -10.135787622017935
347 1 -6.631182358055693
347 2 -10.180753898538276
348 1 -4.566926965644876
348 2 -8.726869516271913
349 1 -6.852804075080622
349 2 -9.305403902173671
350 1 -6.739712749327384
350 2 -10.472268657291748
351 1 -6.82811586565704
351 2 -10.396229414140556
352 1 -6.31877575324754
352 2 -9.18138881061664
353 1 -5.900885826904695
353 2 -8.632951583694709
354 1 -6.9772642421928746
354 2 -8.603478863712342
355 1 -7.744768584597961
355 2 -9.575868146308768
356 1 -6.9884322781748835
356 2 -10.531997932054644
357 1 -5.721178152314126
357 2 -9.851769699966198
358 1 -6.921205320138371
358 2 -10.335405052262814
359 1 -7.441076695603478
359 2 -9.93604110233132
360 1 -7.36909281837704
360 2 -9.165538301807734
361 1 -5.534771500793224
361 2 -8.439644676506028
362 1 -4.471071998581813
362 2 -9.378668153107215
363 1 -8.239566038675582
363 2 -9.001707866566642
364 1 -8.95299193243161
364 2 -9.445447220742821
365 1 -5.001258257343055
365 2 -10.269632169130958
366 1 -5.935170261007444
366 2 -9.176255328317453
367 1 -5.787370559132414
367 2 -9.055137252353603
368 1 -5.219718541879342
368 2 -9.824667843172701
369 1 -7.992515590784122
369 2 -9.41242677659461
370 1 -7.563073067159456
370 2 -10.961464347271995
371 1 -7.741861589711473
371 2 -10.498917117198936
372 1 -6.021137243286328
372 2 -9.498691106174174
373 1 -5.602034894463466
373 2 -9.644486620504777
374 1 -6.104312203897149
374 2 -9.408487280463389
375 1 -7.225083261593989
375 2 -8.3935208393237
376 1 -6.098824269541276
376 2 -10.908813563233446
377 1 -4.765927846240233
377 2 -7.687801862592805
378 1 -5.995916205077721
378 2 -8.338411184350653
379 1 -5.946243591639087
379 2 -10.48656992857853
380 1 -6.592473457634658
380 2 -10.940682749379707
381 1 -5.9745938670568
381 2 -8.943508267526573
382 1 -4.228928749359151
382 2 -10.73448863523366
383 1 -6.099812206825663
383 2 -11.937265861860023
384 1 -4.949567816708335
384 2 -10.023667921481426
385 1 -5.544968101291701
385 2 -8.548221592708575
386 1 -8.666969954668557
386 2 -9.264239311755857
387 1 -7.858697876108778
387 2 -9.729893229545665
388 1 -5.815629135960727
388 2 -9.934685727412976
389 1 -6.856284539939349
389 2 -10.205780233929518
390 1 -7.551139243828999
390 2 -9.873032823330252
391 1 -6.192051621566634
391 2 -9.646736384917608
392 1 -7.225331844902733
392 2 -8.547490194954609
393 1 -6.6083345256127854
393 2 -8.039802893285213
394 1 -7.152654238737885
394 2 -8.31435487268347
395 1 -6.8429828893651035
395 2 -10.582415351966445
396 1 -6.7906293996100455
396 2 -8.877922479446063
397 1 -4.515283743342684
397 2 -9.751402870688311
398 1 -7.248346576960736
398 2 -10.451959597609836
399 1 -8.083478187278873
399 2 -10.360087991959466
400 1 -7.940620812710122
400 2 -8.207878411302136
401 1 -5.751826011886262
401 2 -7.717660511975012
402 1 -5.8204032003416
402 2 -10.144069369779462
403 1 -6.775638091683533
403 2 -8.462970878395891
404 1 -7.209088025760655
404 2 -7.724625400859721
405 1 -6.9805697693455935
405 2 -8.634329106720282
406 1 -5.87653530610899
406 2 -9.3486793365557
407 1 -8.253697912424647
407 2 -9.308802288409883
408 1 -7.394775738568772
408 2 -9.724894082406358
409 1 -6.6786972567405885
409 2 -6.935369559271786
410 1 -5.741721967392903
410 2 -9.584380511716079
411 1 -6.730590090472612
411 2 -9.32052349850368
412 1 -6.711915622057833
412 2 -9.223745829561942
413 1 -5.2097287106632795
413 2 -9.465265443200437
414 1 -5.7218043746322715
414 2 -8.640341100173002
415 1 -8.30976113800496
415 2 -8.891410800081674
416 1 -6.037210916216712
416 2 -10.966896831120291
417 1 -6.504758419586356
417 2 -10.80204370865582
418 1 -4.3474900785689625
418 2 -9.039544350303663
419 1 -5.341447909472368
419 2 -7.954032192975203
420 1 -8.10817380169571
420 2 -9.823025141847012
421 1 -6.420422827594782
421 2 -10.271597387796085
422 1 -5.75957763550634
422 2 -9.817753239261062
423 1 -6.9211129746786995
423 2 -9.022855545083118
424 1 -7.379632915537232
424 2 -11.577196466806573
425 1 -7.1390229386126585
425 2 -9.241393115511636
426 1 -7.7246307899761595
426 2 -8.963643265803045
427 1 -6.554793519927544
427 2 -8.607475522666288
428 1 -6.5334525640151435
428 2 -10.308814345357586
429 1 -6.176488519904165
429 2 -8.298913264283685
430 1 -6.579631697319587
430 2 -8.981095221484528
431 1 -8.38973160645596
431 2 -8.565774832221965
432 1 -6.070163713232438
432 2 -8.593923325243868
433 1 -8.119414966031153
433 2 -9.955533683180455
434 1 -6.430019335852005
434 2 -10.130834252657674
435 1 -4.725521703506462
435 2 -9.558233840339865
436 1 -6.141947749369908
436 2 -9.155306875194327
437 1 -6.322559848868256
437 2 -8.866607305336231
438 1 -6.309493981172817
438 2 -10.683812742863502
439 1 -7.223826303385402
439 2 -8.376706314213152
440 1 -6.728780981192313
440 2 -9.421623234819778
441 1 -6.725900881565249
441 2 -8.975184919414552
442 1 -5.343014981869356
442 2 -10.606703711740078
443 1 -5.886601968763341
443 2 -10.663341063396889
444 1 -6.661547285500684
444 2 -10.296905302243145
445 1 -5.721451586361939
445 2 -9.112880413504802
446 1 -7.4525309296997975
446 2 -10.036851682707194
447 1 -5.230786153089099
447 2 -10.205133919553424
448 1 -6.559062368691173
448 2 -9.793747790703595
449 1 -8.781640416734815
449 2 -8.483308187689634
450 1 -6.469769589891896
450 2 -10.777702143783184
451 1 -5.698894515768174
451 2 -8.280596009891559
452 1 -5.3216619535237575
452 2 -9.512486736183758
453 1 -4.320813459012132
453 2 -10.29351509818512
454 1 -6.94701403742898
454 2 -10.65427374932505
455 1 -5.972103150015841
455 2 -9.373899054262896
456 1 -6.221029210940672
456 2 -10.203444120548427
457 1 -6.91114290920156
457 2 -9.013265304309341
458 1 -5.1847243815399615
458 2 -8.164182681226444
459 1 -6.251556862414333
459 2 -9.675393666862005
460 1 -6.600557084388651
460 2 -9.419845118502112
461 1 -7.741483402168703
461 2 -10.437432935334188
462 1 -5.952291145070014
462 2 -9.106339124407475
463 1 -5.9413268647023525
463 2 -7.951063764034066
464 1 -6.327354523786063
464 2 -9.894388436716111
465 1 -5.324883930618364
465 2 -10.182424945937186
466 1 -6.174872992891911
466 2 -8.891305043658551
467 1 -6.075033728095573
467 2 -8.634085684683408
468 1 -8.301491621161157
468 2 -9.253947785329673
469 1 -6.068882724288732
469 2 -7.0170179176710405
470 1 -5.64026067604286
470 2 -9.848748793054932
471 1 -7.443021539397822
471 2 -9.307130279166717
472 1 -7.233331629352174
472 2 -10.159579384770126
473 1 -6.158087171651999
473 2 -8.788044151838674
474 1 -8.288529063933764
474 2 -7.164635203192253
475 1 -4.763658081809096
475 2 -9.903880185002885
476 1 -3.472946832462031
476 2 -10.339832417397151
477 1 -7.7930388885019415
477 2 -12.21529975597982
478 1 -5.866470123165202
478 2 -10.033151582868156
479 1 -6.594264651586424
479 2 -10.966013304531618
480 1 -5.96817521911481
480 2 -9.596564999643201
481 1 -5.119756240665305
481 2 -8.87902296778737
482 1 -5.11605376156119
482 2 -6.799404156390204
483 1 -6.106002286217398
483 2 -8.990592668896749
484 1 -6.693294157794339
484 2 -9.022803855861826
485 1 -7.954876835606655
485 2 -8.023916691325251
486 1 -8.051115639430591
486 2 -8.10411805912602
487 1 -4.7216040256830585
487 2 -6.902198244708544
488 1 -5.096306444799915
488 2 -8.595534439900696
489 1 -6.28369952515463
489 2 -8.845323199944154
490 1 -7.514250202475418
490 2 -9.174494440229774
491 1 -6.614713845051664
491 2 -9.560369321292704
492 1 -8.07407664868124
492 2 -10.167421584578275
493 1 -6.523306508233573
493 2 -9.608889123437367
494 1 -7.296617724607432
494 2 -9.097935300423647
495 1 -5.068588210144324
495 2 -9.900392764090219
496 1 -5.482203158564679
496 2 -9.357550178324491
497 1 -7.936767800912044
497 2 -10.550340341301712
498 1 -5.162002251856453
498 2 -7.4346934488092415
499 1 -7.447658735017701
499 2 -8.955016580382159
500 1 -8.908925706897275
500 2 -10.537128948251675
501 1 -6.850864167204168
501 2 -9.591383975645318
502 1 -5.51908594088281
502 2 -8.34419600889594
503 1 -6.695804924384525
503 2 -8.683654482579502
504 1 -7.160627365698849
504 2 -8.420420932430044
505 1 -5.6992807324733095
505 2 -10.446328492309641
506 1 -5.312155950212406
506 2 -8.037728615352306
507 1 -7.039215310035026
507 2 -9.186474917299181
508 1 -6.688694720123571
508 2 -11.131347500386116
509 1 -7.355644871120689
509 2 -10.364774631894193
510 1 -6.012510971261682
510 2 -9.309532716676939
511 1 -6.516518956184102
511 2 -10.057819809578596
512 1 -6.866858069421289
512 2 -8.821366412186599
513 1 -6.043898665552323
513 2 -11.505947812254684
514 1 -7.416001098706568
514 2 -8.502465284020392
515 1 -6.3067588182607865
515 2 -8.478894217778661
516 1 -6.237018433520537
516 2 -10.216881429796604
517 1 -7.30760145174914
517 2 -10.039900111599273
518 1 -7.40086813791953
518 2 -9.629123259587754
519 1 -5.110845959224917
519 2 -10.089375817956673
520 1 -7.191830797746729
520 2 -9.310697675193271
521 1 -5.789133051162711
521 2 -8.796033845371404
522 1 -5.203910383280927
522 2 -9.498859935981168
523 1 -7.270742971372879
523 2 -10.182900065810896
524 1 -7.69308430350689
524 2 -7.237126940861817
525 1 -7.428120147717226
525 2 -9.877062450575531
526 1 -6.835211654508807
526 2 -9.297511466432148
527 1 -6.515402621247857
527 2 -7.838198497130523
528 1 -5.393901278668263
528 2 -9.341919165089081
529 1 -7.679187338369475
529 2 -8.065072602014784
530 1 -7.620281552309393
530 2 -9.51196947046559
531 1 -6.539754275751629
531 2 -9.703337532179267
532 1 -7.085182067240587
532 2 -9.495688041279626
533 1 -6.139582536571021
533 2 -8.764137619818108
534 1 -5.276078642534765
534 2 -9.42229333827577
535 1 -7.202347201303672
535 2 -10.77116986523147
536 1 -6.749560577021304
536 2 -10.134452046906029
537 1 -8.063147858433787
537 2 -9.035692469027325
538 1 -6.3580555940249255
538 2 -9.9429372244616
539 1 -6.802616402453716
539 2 -8.416812484385375
540 1 -5.879360213301296
540 2 -10.322395082039717
541 1 -5.6573666461092875
541 2 -8.888385744588144
542 1 -5.93735917627904
542 2 -9.627097621675633
543 1 -7.55859011397166
543 2 -8.207722499344847
544 1 -5.407120403267139
544 2 -9.771280540960106
545 1 -7.166022024674686
545 2 -9.472312919661404
546 1 -6.917202260813631
546 2 -8.909260129876978
547 1 -5.213102071763419
547 2 -8.613314151553167
548 1 -8.13122954556259
548 2 -9.244217467822695
549 1 -5.891855664735368
549 2 -8.97097786475499
550 1 -5.118254162964448
550 2 -10.44744658239132
551 1 -7.014158192519744
551 2 -11.06012010548754
552 1 -7.064234168919026
552 2 -9.917654720537826
553 1 -6.725677916946619
553 2 -8.483749156344883
554 1 -8.19449439775007
554 2 -9.451194808045296
555 1 -7.137363015088019
555 2 -6.019215941703084
556 1 -7.7350819714010015
556 2 -10.42050313971546
557 1 -3.3889234649939275
557 2 -8.463371721030693
558 1 -6.435073275912339
558 2 -9.790802078140892
559 1 -7.075115016677093
559 2 -8.646275321386542
560 1 -6.831174939594868
560 2 -8.164560110605976
561 1 -7.107346857460738
561 2 -8.878902642799952
562 1 -5.201789497519739
562 2 -9.35927459105033
563 1 -6.0639596637013495
563 2 -8.372368446161886
564 1 -4.973253696751546
564 2 -9.011190876019803
565 1 -7.665522057075742
565 2 -9.261155819844808
566 1 -6.3780464398137555
566 2 -9.056372413048727
567 1 -7.504058530987775
567 2 -8.582041634589345
568 1 -7.068411049013807
568 2 -7.368997703350423
569 1 -8.714651023064299
569 2 -9.085918650558332
570 1 -4.689663386928571
570 2 -8.815872554969468
571 1 -6.478024093500411
571 2 -10.287463410739672
572 1 -7.938844963035624
572 2 -10.449997222814359
573 1 -5.442077734699407
573 2 -9.525529297079341
574 1 -7.3688256336498466
574 2 -8.516029635930055
575 1 -6.684009728749956
575 2 -10.306714271844426
576 1 -5.940401866991589
576 2 -8.108045841137265
577 1 -6.300383271081384
577 2 -7.846881048108259
578 1 -6.489279239030269
578 2 -8.735203740249121
579 1 -6.834439112428566
579 2 -7.6499848640235175
580 1 -7.814166552218942
580 2 -10.23576778927969
581 1 -7.240426166003724
581 2 -9.819800555489824
582 1 -7.038304935812166
582 2 -8.331256776347129
583 1 -6.944392093030868
583 2 -10.210774957473737
584 1 -6.121869619143366
584 2 -10.789261601410624
585 1 -6.746997426638789
585 2 -9.919418870969686
586 1 -7.5439703403873315
586 2 -9.260875753798242
587 1 -7.055360077667412
587 2 -9.519983334187636
588 1 -8.387145179587513
588 2 -9.302597060532406
589 1 -8.31080004512213
589 2 -9.383742426857214
590 1 -7.522196607996921
590 2 -10.12460233714787
591 1 -5.887354036061499
591 2 -9.209566451509222
592 1 -5.937978472963935
592 2 -9.616984855191603
593 1 -8.888410234441928
593 2 -10.19008782077357
594 1 -5.229285389491251
594 2 -8.670789787860276
595 1 -6.420449954934096
595 2 -8.995678066200757
596 1 -7.109808561164759
596 2 -8.897940076579497
597 1 -6.027353287588271
597 2 -9.127538897698225
598 1 -5.412257154855395
598 2 -9.700107147869105
599 1 -5.398864810487309
599 2 -10.857868197454392
600 1 -7.889474871278658
600 2 -9.356891974905464
601 1 -6.281120871653151
601 2 -11.14017954536478
602 1 -7.921283246671113
602 2 -10.320157315449308
603 1 -7.46864232726888
603 2 -8.894395570412758
604 1 -6.2975393161909565
604 2 -8.857024214871137
605 1 -7.6228885646002915
605 2 -9.742484677875414
606 1 -5.754744007974611
606 2 -8.57802490180339
607 1 -5.429603647762915
607 2 -10.647276789048892
608 1 -8.661114610095783
608 2 -9.509464075690865
609 1 -7.618049711072475
609 2 -6.682331141480654
610 1 -5.36467253257916
610 2 -9.742728908462087
611 1 -7.001542026184287
611 2 -9.300651563931824
612 1 -7.766315164644789
612 2 -7.7635822806214865
613 1 -7.336003574737225
613 2 -9.59454600769653
614 1 -5.2045958571686395
614 2 -7.655974534848726
615 1 -6.943802004668582
615 2 -9.79425825550434
616 1 -6.788022328542353
616 2 -8.284843642769541
617 1 -8.405018818313321
617 2 -10.03879611646882
618 1 -6.079124483809836
618 2 -9.307961738741566
619 1 -6.438212694787699
619 2 -10.057436531248822
620 1 -7.1043383609914015
620 2 -9.476546068904096
621 1 -8.216340640684653
621 2 -10.453152323559982
622 1 -5.4640429017460885
622 2 -8.702702308447654
623 1 -4.955063587664521
623 2 -8.130973494228007
624 1 -5.912271710164659
624 2 -8.693485343626941
625 1 -7.812567147229686
625 2 -10.596069428090006
626 1 -5.486806271345357
626 2 -10.131608395259695
627 1 -7.437640601308144
627 2 -10.347912010749782
628 1 -7.110383304312249
628 2 -8.331926988740458
629 1 -6.001102172716212
629 2 -8.431897914477007
630 1 -5.098969993465974
630 2 -9.39929344609386
631 1 -5.641851102742953
631 2 -9.486019015435872
632 1 -7.191456605561317
632 2 -10.954999324383925
633 1 -7.044663368159478
633 2 -9.143170128712757
634 1 -6.350547451699649
634 2 -10.110920983178463
635 1 -5.66139334484945
635 2 -10.61847206155664
636 1 -7.0865480890886845
636 2 -10.36598177356802
637 1 -6.418507652734478
637 2 -8.121692270076693
638 1 -5.558794733285625
638 2 -9.1925819896851
639 1 -5.447641776727988
639 2 -9.661982912045719
640 1 -6.367607793745222
640 2 -9.47954143686743
641 1 -6.996499440714154
641 2 -9.799592508286356
642 1 -5.959720426766689
642 2 -8.613769107016408
643 1 -5.892542948717937
643 2 -8.924589548854344
644 1 -7.772675798507649
644 2 -12.169711557663108
645 1 -6.114497292561882
645 2 -9.931662770404511
646 1 -5.7779761306550315
646 2 -8.631059779004424
647 1 -6.823724913284776
647 2 -8.029587209308904
648 1 -7.002178199319787
648 2 -8.305260138704464
649 1 -7.3188198421729
649 2 -9.069282563559662
650 1 -6.845623433793281
650 2 -8.328688581314548
651 1 -7.888149788610901
651 2 -9.482464732767218
652 1 -6.740078596562521
652 2 -8.584741235843103
653 1 -4.237245970075213
653 2 -7.577194858758367
654 1 -7.277809485028059
654 2 -7.9136165627958555
655 1 -7.338249270194337
655 2 -9.539313343458248
656 1 -6.124110534814158
656 2 -9.60755359591007
657 1 -7.368014195504365
657 2 -10.43864757961618
658 1 -6.82150900468853
658 2 -10.031626548756385
659 1 -5.685557647083285
659 2 -10.561439974542452
660 1 -7.826286456268482
660 2 -9.130962513138916
661 1 -6.459029774521634
661 2 -9.5509001733766
662 1 -4.07685889683028
662 2 -9.401563882269729
663 1 -5.522800467872287
663 2 -11.302554591190583
664 1 -6.077398197595054
664 2 -9.207857685481894
665 1 -4.907199629554293
665 2 -10.951166855014064
666 1 -7.341563173823895
666 2 -8.139221023221992
667 1 -5.430838920255282
667 2 -9.699398017970868
668 1 -4.954186829459916
668 2 -9.090370316825798
669 1 -6.661348483776468
669 2 -9.110436831537012
670 1 -6.401558492644378
670 2 -9.666481408575304
671 1 -7.41195445976526
671 2 -10.442527990697236
672 1 -5.681546954859444
672 2 -9.220578324909473
673 1 -6.237768129290864
673 2 -9.73143694618709
674 1 -6.110633621199098
674 2 -9.857349459096234
675 1 -8.05492632843672
675 2 -10.046024075569738
676 1 -7.776610974310196
676 2 -8.93112783214599
677 1 -5.904402894412572
677 2 -7.979229595011128
678 1 -6.928519593942531
678 2 -8.00286412509481
679 1 -7.035845482351794
679 2 -8.943303362250942
680 1 -7.550691480352574
680 2 -9.280996811258076
681 1 -6.413401468352262
681 2 -10.057426050535177
682 1 -6.734932325144551
682 2 -9.111351327281634
683 1 -6.6645110061633765
683 2 -9.402162346796349
684 1 -8.753380900495902
684 2 -10.66632301889894
685 1 -5.593455207244601
685 2 -8.636771798557938
686 1 -7.099642418884971
686 2 -9.735054280463185
687 1 -7.0178982222397215
687 2 -9.387228801534663
688 1 -8.103613785053655
688 2 -11.148147624524475
689 1 -7.005552461147155
689 2 -9.553655023394313
690 1 -8.033900230041029
690 2 -10.22804689862961
691 1 -6.735935850958913
691 2 -10.634908092455024
692 1 -6.3605931951810675
692 2 -9.740568757225255
693 1 -6.639363820530824
693 2 -11.77792357014646
694 1 -5.956651346486556
694 2 -8.71014969469756
695 1 -7.542603579764975
695 2 -10.79658685562764
696 1 -4.686447859903323
696 2 -9.176144456144305
697 1 -6.973431024903189
697 2 -8.250196018147117
698 1 -6.814523317324516
698 2 -9.123961783532414
699 1 -6.981684536701682
699 2 -10.23560741862909
700 1 -6.62304566441852
700 2 -9.000295573995494
701 1 -6.888054694098907
701 2 -9.664659925135998
702 1 -4.5873862764785525
702 2 -8.006659137525507
703 1 -5.823431684681349
703 2 -8.240006258254441
704 1 -6.962358806321042
704 2 -10.235005916316508
705 1 -6.236074035530232
705 2 -8.65568685775198
706 1 -4.9698315838892295
706 2 -9.483699674622784
707 1 -6.679358167131593
707 2 -8.479444663773933
708 1 -5.1592444215260365
708 2 -7.517665953560959
709 1 -6.680294855409709
709 2 -9.03392908777569
710 1 -7.541107205733716
710 2 -9.92718508928873
711 1 -7.728679106319522
711 2 -9.261679536636052
712 1 -6.46234507967157
712 2 -10.45372638336969
713 1 -7.045871416777167
713 2 -8.414913499981832
714 1 -7.855909261882911
714 2 -8.674793760455987
715 1 -5.848917242507613
715 2 -8.69247770117694
716 1 -6.821767227075956
716 2 -8.93460083711628
717 1 -6.135120089251065
717 2 -9.072840647046933
718 1 -7.128784124553932
718 2 -8.5492322992871
719 1 -5.420977114454907
719 2 -9.013133280300162
720 1 -7.111744076457948
720 2 -8.954272249389179
721 1 -6.512148531806598
721 2 -9.4073522282808
722 1 -7.8208378007026145
722 2 -7.309233765479161
723 1 -6.405157315552926
723 2 -9.554299820361702
724 1 -6.6502541649374605
724 2 -7.83847224411481
725 1 -6.002724924944283
725 2 -9.131303107754537
726 1 -6.001839868274469
726 2 -8.253621292546345
727 1 -7.570126399513872
727 2 -9.248313691004583
728 1 -8.014755219697765
728 2 -9.810890249461103
729 1 -9.382622746677786
729 2 -9.630086540522603
730 1 -4.697334928612734
730 2 -8.791477982119929
731 1 -7.201159675738264
731 2 -10.109968963860538
732 1 -7.073842123540128
732 2 -9.690031037173501
733 1 -5.635001370940321
733 2 -9.542083904204537
734 1 -7.126480838182221
734 2 -8.609390274833208
735 1 -6.486455640997212
735 2 -10.884955415985985
736 1 -6.246855772410623
736 2 -8.76199922415983
737 1 -7.104345533765544
737 2 -9.68712568438001
738 1 -5.656955599892992
738 2 -10.306249517394088
739 1 -7.133023489742355
739 2 -10.530939379122767
740 1 -5.281325242380128
740 2 -9.016788091272474
741 1 -7.414301176350865
741 2 -8.9669921806173
742 1 -5.742240694507985
742 2 -7.224980249566073
743 1 -6.178834827015341
743 2 -9.15476227686382
744 1 -8.53597814372208
744 2 -9.839358453537995
745 1 -8.177141422130669
745 2 -10.494341183909397
746 1 -7.408010122886507
746 2 -8.51078669653097
747 1 -7.851428675822419
747 2 -10.70774083859737
748 1 -8.074740489976774
748 2 -9.495316273588857
749 1 -8.006062841096439
749 2 -8.613174379374815
750 1 -8.640824547934837
750 2 -10.48359259023451
751 1 -6.318162411041504
751 2 -8.353278933724221
752 1 -7.434579455077847
752 2 -9.966174546376452
753 1 -5.5664367114875954
753 2 -8.42987368003731
754 1 -6.568076690670577
754 2 -9.45378262515341
755 1 -6.052656254151587
755 2 -9.479427087302106
756 1 -5.408362966766194
756 2 -8.208215809221588
757 1 -7.086504445242496
757 2 -7.601249536917157
758 1 -6.621841066406082
758 2 -10.181990811698787
759 1 -5.874687469341279
759 2 -9.214319869307342
760 1 -7.493432207429603
760 2 -9.877300834961428
761 1 -6.122226670455696
761 2 -8.866992000889308
762 1 -7.333325788832047
762 2 -9.333385059474281
763 1 -8.88097233616195
763 2 -9.013446219264
764 1 -6.718387332276932
764 2 -8.078768210584501
765 1 -7.629010412276578
765 2 -8.059202262804062
766 1 -6.707942214243156
766 2 -8.2449561780715
767 1 -7.0514656035541545
767 2 -8.616543346265676
768 1 -6.626098671208725
768 2 -11.823949936651536
769 1 -7.356047406513683
769 2 -10.275605274552698
770 1 -8.163115268440981
770 2 -9.183978332660264
771 1 -8.270765600320841
771 2 -10.137449269654528
772 1 -6.7824433916208156
772 2 -8.385765896330415
773 1 -7.448728425924488
773 2 -10.503022014880793
774 1 -6.1379633401405655
774 2 -8.96524931811529
775 1 -7.491555064255105
775 2 -9.635477570951714
776 1 -6.025085167592923
776 2 -11.03301296430468
777 1 -6.475121683342428
777 2 -8.905906458209508
778 1 -6.39188093059706
778 2 -11.690116627774426
779 1 -6.311430742525685
779 2 -9.015773361533642
780 1 -6.642426634162586
780 2 -9.094581207253322
781 1 -5.039953175707999
781 2 -9.794533064811832
782 1 -7.759692354370202
782 2 -9.397554444583559
783 1 -6.969113063424729
783 2 -8.777759250432805
784 1 -4.52756143070628
784 2 -8.729532672874138
785 1 -6.493179637781811
785 2 -8.498192973947337
786 1 -5.77035486816216
786 2 -10.245283570285963
787 1 -6.06527634571322
787 2 -8.864545383830816
788 1 -5.173487213634253
788 2 -9.63324386061486
789 1 -5.07857373410774
789 2 -7.2682834144667
790 1 -6.583828412814955
790 2 -8.726727645284932
791 1 -5.4037360222989985
791 2 -10.706079411547723
792 1 -5.329548754797606
792 2 -9.448198406792162
793 1 -7.059205451817269
793 2 -8.677229496561942
794 1 -5.2638313989783025
794 2 -8.910624216939123
795 1 -8.60129058095749
795 2 -9.860904720990067
796 1 -5.9971388492273014
796 2 -8.870929922627804
797 1 -6.2078593988973445
797 2 -9.32015557985387
798 1 -6.075658144218288
798 2 -8.898006835557851
799 1 -5.8836082804250065
799 2 -11.060181123919836
800 1 -5.2373888125977
800 2 -10.411099800413018
801 1 -5.474712925230284
801 2 -9.54020147475197
802 1 -6.340644187068286
802 2 -9.432045764122373
803 1 -6.964573799633062
803 2 -8.817334645058025
804 1 -6.465565686397221
804 2 -11.290406020328543
805 1 -6.4539609964108235
805 2 -10.792787017635519
806 1 -6.536850096426219
806 2 -9.623217513679426
807 1 -5.738909596021071
807 2 -9.223574374406123
808 1 -5.0524318398604
808 2 -9.824915636024354
809 1 -6.53012156821859
809 2 -9.03418988834202
810 1 -7.4350180179447705
810 2 -10.564463948751044
811 1 -6.48930063984538
811 2 -8.966021082277893
812 1 -4.646133321389696
812 2 -8.823476177893514
813 1 -7.029987933559309
813 2 -8.37226883172808
814 1 -5.4911256976589655
814 2 -9.023392535546844
815 1 -3.747912435149867
815 2 -11.389096349616073
816 1 -5.258764784563447
816 2 -10.154266905727853
817 1 -6.811233859114676
817 2 -11.28319687119129
818 1 -5.234829077439501
818 2 -8.99524401382445
819 1 -6.276583661345044
819 2 -10.544010457479992
820 1 -5.831324629828635
820 2 -8.393712586505417
821 1 -5.688170291939185
821 2 -10.07079075415949
822 1 -5.220575369079282
822 2 -8.628726717900225
823 1 -6.410060394326776
823 2 -10.539170056706473
824 1 -7.225010003795109
824 2 -10.727259564183823
825 1 -7.621421411267102
825 2 -8.580522351714496
826 1 -8.152252428300324
826 2 -8.114810650824637
827 1 -7.175547666922465
827 2 -11.122965102697497
828 1 -7.342604466203421
828 2 -10.048218254660181
829 1 -6.755288504117776
829 2 -9.394629671766825
830 1 -7.317323002012603
830 2 -10.134289421689664
831 1 -5.582603615125229
831 2 -9.236603097491649
832 1 -7.725690997214422
832 2 -9.718976927121671
833 1 -6.345860116558464
833 2 -7.114663395424963
834 1 -7.190769924014201
834 2 -9.12691670544629
835 1 -6.144185743669401
835 2 -8.781203175842807
836 1 -7.161159646013395
836 2 -8.808859056975475
837 1 -7.650201889686183
837 2 -9.110215426898039
838 1 -6.970709143081294
838 2 -8.442565341779515
839 1 -6.781200347184214
839 2 -8.871021617270898
840 1 -6.57623797222015
840 2 -8.268247731584918
841 1 -6.77165119076917
841 2 -8.774336199119878
842 1 -5.869040385622776
842 2 -8.948313057547395
843 1 -7.414754825636906
843 2 -9.174203932380454
844 1 -4.371868201663641
844 2 -10.324742922178741
845 1 -7.7991152966368205
845 2 -9.582335691340061
846 1 -6.078099106341222
846 2 -10.746471540872042
847 1 -6.643944112565129
847 2 -8.43182058185485
848 1 -6.1820933277011
848 2 -9.06305524248812
849 1 -7.556257370294795
849 2 -9.797552239999142
850 1 -7.818817922673233
850 2 -8.097399676799075
851 1 -5.390427061063644
851 2 -10.722798246499224
852 1 -6.80592975856635
852 2 -8.623561670533444
853 1 -4.87656416487763
853 2 -8.745159368733171
854 1 -7.829702504764708
854 2 -9.64467082241436
855 1 -7.197324796611188
855 2 -7.888201205479033
856 1 -6.033370280147491
856 2 -9.976943017879826
857 1 -5.681716811795418
857 2 -9.294458761042344
858 1 -6.598365814424291
858 2 -7.797809929646772
859 1 -8.184050682494034
859 2 -7.614151781341332
860 1 -3.8886413013260968
860 2 -7.353123238034581
861 1 -7.1725221286846175
861 2 -9.237760581133433
862 1 -6.621869759212755
862 2 -8.793314078546034
863 1 -5.957593804353287
863 2 -8.122825193411504
864 1 -8.172934310794428
864 2 -9.542488125540496
865 1 -6.105567761286639
865 2 -7.476418223044126
866 1 -6.081808140838163
866 2 -10.87433293170717
867 1 -7.800958369201394
867 2 -9.913621266633854
868 1 -5.859698452015413
868 2 -9.684293050622587
869 1 -6.82646959703069
869 2 -8.812951040111471
870 1 -7.656773952556488
870 2 -6.772402641976838
871 1 -6.718974952177136
871 2 -10.576551967497636
872 1 -6.231339303970587
872 2 -7.234277540739628
873 1 -7.0181726544769125
873 2 -8.616809565826326
874 1 -5.430602439143806
874 2 -8.10904165595646
875 1 -3.8888873705541633
875 2 -9.622421106593176
876 1 -7.338052460725631
876 2 -7.729457963753582
877 1 -7.096700905879352
877 2 -11.523345696431615
878 1 -6.44522817681115
878 2 -8.682794772714773
879 1 -7.063875486351144
879 2 -8.02692972432722
880 1 -6.819758018611056
880 2 -8.354404154542264
881 1 -6.301607748135293
881 2 -8.169171388129216
882 1 -7.178724021682758
882 2 -9.677984150475355
883 1 -7.464727797389063
883 2 -10.174695059741028
884 1 -6.991234785009608
884 2 -9.256887748972636
885 1 -5.0644033178218155
885 2 -10.054610725379824
886 1 -8.170368469539664
886 2 -9.761499180791127
887 1 -6.524583170674041
887 2 -9.632264508655293
888 1 -6.472687320839189
888 2 -10.345496308336276
889 1 -5.567640314081512
889 2 -8.671388110421455
890 1 -7.3254996748907875
890 2 -10.19985784081544
891 1 -6.5958389807593045
891 2 -10.284845060341855
892 1 -8.854044340833351
892 2 -9.333285294740568
893 1 -6.220827518372612
893 2 -10.532176324417858
894 1 -7.479130086114421
894 2 -7.8874945089308595
895 1 -6.132145797129733
895 2 -7.58215487455413
896 1 -7.298272802832303
896 2 -10.443059896375466
897 1 -6.031353522789638
897 2 -9.40054140284296
898 1 -5.758904931370404
898 2 -10.131351562424321
899 1 -6.871156475526865
899 2 -10.797238829477463
900 1 -7.211006653866745
900 2 -10.267046969469375
901 1 -5.903275513713304
901 2 -9.588876350729198
902 1 -6.632828239829367
902 2 -9.135354291026081
903 1 -5.625944208429727
903 2 -7.702843449510516
904 1 -7.000042116241848
904 2 -9.061357796287302
905 1 -8.423323642326805
905 2 -9.761217844283724
906 1 -4.659679726759095
906 2 -9.3276587177087
907 1 -7.531463034091851
907 2 -7.6426103890993655
908 1 -6.196584605596747
908 2 -9.015989794065284
909 1 -5.35885659791041
909 2 -11.131855662532933
910 1 -7.234697921766945
910 2 -10.621740412706446
911 1 -6.096942457467866
911 2 -7.928867440804165
912 1 -7.562775748538312
912 2 -9.045827825498977
913 1 -5.405459084253881
913 2 -8.665803952417708
914 1 -5.637179030021153
914 2 -8.854803134269279
915 1 -7.954149187050094
915 2 -10.055205945782035
916 1 -7.012812881926669
916 2 -9.417960829654335
917 1 -7.5700155315804345
917 2 -10.32852707486002
918 1 -5.826225599058805
918 2 -10.38331911861384
919 1 -5.737991872013537
919 2 -8.156075292108943
920 1 -8.414214563823128
920 2 -9.945308910627235
921 1 -7.1687911173880705
921 2 -9.818346753985226
922 1 -6.857192792008999
922 2 -9.239894995859354
923 1 -6.468332049226054
923 2 -7.643277332732239
924 1 -7.678062366066562
924 2 -8.844919001006197
925 1 -6.248512415034735
925 2 -12.060510529239437
926 1 -5.260984801570679
926 2 -10.780582143837979
927 1 -6.555198628758687
927 2 -8.105572897673627
928 1 -7.498278709838163
928 2 -7.9312741122872765
929 1 -8.073515704314708
929 2 -9.37010989474275
930 1 -5.261261616394251
930 2 -8.768678540253893
931 1 -5.6827230052316615
931 2 -10.232927153522688
932 1 -6.651504965328371
932 2 -9.960639429066513
933 1 -6.825269467219564
933 2 -7.973833969597368
934 1 -7.418786084009284
934 2 -9.199920774352796
935 1 -5.500319683475158
935 2 -8.801019693777512
936 1 -8.19787926614757
936 2 -8.283739600138663
937 1 -5.546425536620063
937 2 -8.470432201078868
938 1 -8.082217150462643
938 2 -9.774671438246415
939 1 -5.562008644035493
939 2 -9.029941371706972
940 1 -5.362890919667233
940 2 -8.215700955056535
941 1 -7.0103820357564235
941 2 -11.013046539112993
942 1 -7.335547585498317
942 2 -11.636958984140637
943 1 -7.330329792983736
943 2 -8.674185346967674
944 1 -6.35205265018745
944 2 -6.8931056585968875
945 1 -5.591420595001888
945 2 -8.495595335198551
946 1 -7.3314416655747685
946 2 -10.39421693182785
947 1 -6.812339632651521
947 2 -10.29466458515375
948 1 -7.084793041986257
948 2 -10.572021905534662
949 1 -8.73069988441345
949 2 -9.262388302939412
950 1 -6.2784040605900815
950 2 -8.247111409783699
951 1 -3.8246377991324563
951 2 -8.742475630922522
952 1 -5.11218943996445
952 2 -10.783105981352387
953 1 -6.721188595017149
953 2 -10.274863484754665
954 1 -8.99821794590725
954 2 -7.599300409239569
955 1 -6.96755578062241
955 2 -9.130857391811036
956 1 -7.026166535606226
956 2 -10.368136396085394
957 1 -6.698931776360918
957 2 -9.665964397308647
958 1 -5.890389759552905
958 2 -7.765419547342937
959 1 -5.309844380120882
959 2 -8.093203884153656
960 1 -6.297541428885793
960 2 -9.054476175399564
961 1 -7.286669716184717
961 2 -8.586335670758825
962 1 -7.824597503088364
962 2 -8.784620772156917
963 1 -6.711638511104938
963 2 -9.69272017212932
964 1 -6.581869390391113
964 2 -10.970244578888662
965 1 -5.983674911291137
965 2 -11.602013212473443
966 1 -6.458750366217565
966 2 -9.591089464161703
967 1 -6.321323026581155
967 2 -10.518921710345012
968 1 -7.132838827765234
968 2 -9.729598368429023
969 1 -6.596789502120481
969 2 -10.505707995131521
970 1 -7.297534756078618
970 2 -9.317954121879493
971 1 -5.22236064043884
971 2 -10.875663519748485
972 1 -6.795135520898889
972 2 -8.933536995263278
973 1 -6.220540730621975
973 2 -10.97183700094358
974 1 -6.211899965986926
974 2 -8.188514916977459
975 1 -5.689663297922772
975 2 -9.507520370899941
976 1 -6.683165854968533
976 2 -10.20256894290455
977 1 -6.804089804330917
977 2 -8.707118019849545
978 1 -6.884603099187233
978 2 -9.62019107296511
979 1 -8.259321441022577
979 2 -9.264651467463171
980 1 -5.486520835790381
980 2 -9.719318895115908
981 1 -7.13634398962863
981 2 -9.571486262571934
982 1 -7.020222644162392
982 2 -8.387453801173427
983 1 -6.665806194820448
983 2 -8.671941571240263
984 1 -5.56459613738978
984 2 -8.93933906833756
985 1 -5.7386614493754875
985 2 -8.190706662603377
986 1 -6.228715661139277
986 2 -9.036570745052293
987 1 -5.734321526102075
987 2 -9.87944830730584
988 1 -5.681260369128971
988 2 -8.04439140660984
989 1 -6.684317327201763
989 2 -9.174727722233103
990 1 -7.311109967929943
990 2 -9.07077524257895
991 1 -7.111423037812452
991 2 -8.971449756687042
992 1 -6.768604691227552
992 2 -9.361655446942576
993 1 -7.699406353179354
993 2 -9.326591487190173
994 1 -7.98958025229056
994 2 -9.383345953182376
995 1 -6.239300396064187
995 2 -7.989439839219354
996 1 -7.321962255802628
996 2 -10.248992253961177
997 1 -6.154220959636195
997 2 -8.310650489408092
998 1 -4.5645143581570995
998 2 -7.504250190184039
999 1 -7.70569910975172
999 2 -8.903191149001525
1000 1 -4.908321859411123
1000 2 -10.26263264881203
;