param NumberOfPoints:=1156;
param NumberOfDimensions:=2;
param NumberOfClusters:=4;
param Point:=
1 1 -8.859946567117872
1 2 6.242015674556766
2 1 -8.697228691436155
2 2 5.979997306591766
3 1 -9.452881237988175
3 2 6.042465011202447
4 1 -9.641160611280364
4 2 7.384834865005859
5 1 -10.547006183016395
5 2 6.046468673673748
6 1 -11.188308997769347
6 2 6.519474461661308
7 1 -9.95899075273762
7 2 6.659487656034085
8 1 -9.262437765143645
8 2 5.779260809675939
9 1 -10.067373547603234
9 2 6.45748610901068
10 1 -8.558319354677487
10 2 7.365110529399855
11 1 -12.077596167732302
11 2 6.925019408142093
12 1 -9.86488654269538
12 2 6.803131253238698
13 1 -10.16613748130786
13 2 5.98970163235221
14 1 -9.656860062650997
14 2 5.496369753419952
15 1 -9.182486874030769
15 2 6.819128967609788
16 1 -10.397348149270641
16 2 6.597616866431388
17 1 -11.263742194658645
17 2 8.571137027799402
18 1 -9.086415850272568
18 2 7.57771136866068
19 1 -10.087673015042885
19 2 6.868545691519223
20 1 -10.11518661288917
20 2 6.279034077957091
21 1 -10.199276887407986
21 2 6.663482161679587
22 1 -10.942171644049251
22 2 5.813751146541022
23 1 -11.318827919631328
23 2 6.437275768966301
24 1 -11.05836766090055
24 2 6.740949300765065
25 1 -9.211484252154124
25 2 5.804926262876235
26 1 -10.810562824895307
26 2 5.888620295543387
27 1 -10.19287383505341
27 2 5.819016305550652
28 1 -8.368613335796104
28 2 7.068153746516545
29 1 -11.147564209781448
29 2 7.656188619324488
30 1 -9.547323565486373
30 2 6.830734602510216
31 1 -10.005552637070375
31 2 4.374929372707509
32 1 -9.235957000990103
32 2 6.598514416016462
33 1 -9.950575748830808
33 2 6.161835711550648
34 1 -10.574984247830294
34 2 6.10063715579785
35 1 -8.536591700041647
35 2 6.362001168668545
36 1 -9.006470565190014
36 2 5.307394350320152
37 1 -10.605766068279378
37 2 4.510374953576321
38 1 -9.120154904860946
38 2 6.925743243528674
39 1 -11.638316117821212
39 2 6.913258750595366
40 1 -9.012771741017279
40 2 6.218709574889008
41 1 -9.974185772098817
41 2 6.156743122126678
42 1 -9.027832787826613
42 2 7.105536728693211
43 1 -10.483924470872516
43 2 6.880761500339458
44 1 -8.990754601194064
44 2 7.211246230197414
45 1 -8.033182545554476
45 2 7.159887463975918
46 1 -10.102947951339987
46 2 6.58218705615589
47 1 -8.120667198768016
47 2 8.712264929899522
48 1 -9.208963461177863
48 2 8.011067603884994
49 1 -9.590488463369843
49 2 8.353976495497356
50 1 -9.149621244230996
50 2 6.18397907203427
51 1 -10.113706578895881
51 2 8.335224338748215
52 1 -10.468992052121603
52 2 6.572785806385406
53 1 -10.078274283151588
53 2 8.604563679706116
54 1 -11.629137740134423
54 2 8.274460919492364
55 1 -9.443138132590695
55 2 7.079008967893906
56 1 -9.294550700571072
56 2 5.798488335788109
57 1 -10.668267200685511
57 2 6.336895802193184
58 1 -12.120813387522
58 2 8.537017827634253
59 1 -8.323116627405
59 2 7.06730446441655
60 1 -9.59856028628568
60 2 7.390797121262905
61 1 -8.949174217613294
61 2 8.766903163200674
62 1 -9.347560147035626
62 2 6.967215526896587
63 1 -8.916548846173564
63 2 7.690059387843299
64 1 -11.17441318447484
64 2 8.5665493670673
65 1 -9.2172120795967
65 2 7.050709822511851
66 1 -9.706253386277007
66 2 5.288863051035155
67 1 -9.957983685976222
67 2 5.273962893936656
68 1 -8.656505963608247
68 2 7.427362787042861
69 1 -10.236397768224641
69 2 6.129738860346372
70 1 -9.066724451244806
70 2 6.229182185325284
71 1 -8.508349864802392
71 2 6.669495057685495
72 1 -9.196822947373944
72 2 3.865574216246962
73 1 -9.739593237860767
73 2 7.8023604294366775
74 1 -9.866403647298572
74 2 6.695727497924721
75 1 -9.23504609006167
75 2 7.178211754566034
76 1 -7.451262429221946
76 2 7.865824926980943
77 1 -8.854383528519758
77 2 6.080206230832793
78 1 -9.911714187856457
78 2 8.339355214425968
79 1 -9.683378874674853
79 2 6.220364446082414
80 1 -7.182736511337296
80 2 7.252920238514108
81 1 -10.184375788390959
81 2 7.269338660271519
82 1 -11.701395377258844
82 2 5.341461302084617
83 1 -11.115062565281107
83 2 7.728968042100456
84 1 -10.232867609341326
84 2 8.61920625853776
85 1 -10.448719381388853
85 2 6.336646697591133
86 1 -8.547884019313965
86 2 5.099409523782559
87 1 -11.870014516747355
87 2 5.914778743489808
88 1 -10.037745563055642
88 2 7.696896932347235
89 1 -8.752091321289017
89 2 6.404908388197341
90 1 -8.682394633521803
90 2 6.574541158101207
91 1 -9.852014771019723
91 2 8.066019881053592
92 1 -11.75584457463131
92 2 6.4366916985450215
93 1 -9.215181463944829
93 2 7.213733610758633
94 1 -8.321663485346123
94 2 5.7299794566894295
95 1 -8.799857175759968
95 2 5.934983784545996
96 1 -10.135452643421038
96 2 6.499234072891712
97 1 -9.441773461985267
97 2 7.008898284343759
98 1 -9.361193627819961
98 2 6.51762417618775
99 1 -7.317490816103245
99 2 7.07126147408265
100 1 -9.265751983905739
100 2 5.670478963782404
101 1 -9.46825380210442
101 2 6.30530802597714
102 1 -10.146684909324826
102 2 5.18725672840499
103 1 -9.072082461221804
103 2 5.80930705040532
104 1 -10.361274062537136
104 2 8.147591007077107
105 1 -9.917530566709154
105 2 5.880357676791595
106 1 -10.321960105459134
106 2 4.084568590897566
107 1 -10.810421378792373
107 2 6.6834247666898605
108 1 -10.113414087680951
108 2 6.113657886519363
109 1 -9.570190108364201
109 2 6.14084621404294
110 1 -10.126275969900826
110 2 5.495101228470089
111 1 -8.88134705859323
111 2 6.66702084658933
112 1 -11.189940253866652
112 2 7.354273483670069
113 1 -9.929865898778614
113 2 5.622811481801285
114 1 -8.855870681445584
114 2 6.946012393071963
115 1 -9.331897440842503
115 2 6.153458480207709
116 1 -9.447859037667374
116 2 5.844997387962389
117 1 -10.990428104724153
117 2 9.109217356632575
118 1 -8.201648876484724
118 2 9.077130194902768
119 1 -7.646607254190265
119 2 6.936264126779183
120 1 -10.684992115090127
120 2 7.148773434256121
121 1 -10.975026921796122
121 2 8.371394754248666
122 1 -10.083322493874636
122 2 6.314089828980882
123 1 -8.878222126123125
123 2 6.871309587626496
124 1 -9.420542843676923
124 2 7.618288523610131
125 1 -10.002653249288715
125 2 5.964709449946477
126 1 -11.576943945478686
126 2 6.847864508061418
127 1 -6.634213514773974
127 2 6.280287592714203
128 1 -10.352805441121985
128 2 5.929465210311594
129 1 -8.361628425128464
129 2 5.965436470735249
130 1 -10.843407046714638
130 2 6.547820280367673
131 1 -9.313476170527018
131 2 6.271964699467619
132 1 -9.936646918161555
132 2 7.48196426243887
133 1 -8.988763481105023
133 2 8.17380395428539
134 1 -9.93723256080302
134 2 6.896806237309814
135 1 -9.626535460003103
135 2 5.377385369996887
136 1 -10.137010302431866
136 2 5.557900813177924
137 1 -9.679857479172071
137 2 6.97957371390141
138 1 -11.722218570737214
138 2 7.656122777104133
139 1 -10.384156252571952
139 2 5.9948679267658225
140 1 -10.795926487952954
140 2 5.647444086425959
141 1 -8.05554135944621
141 2 5.612406004108162
142 1 -9.91133894174019
142 2 6.0435054854159755
143 1 -9.968989708945914
143 2 7.316880500134931
144 1 -10.467250131973522
144 2 7.275867039627592
145 1 -8.47793721176239
145 2 7.029123913941419
146 1 -8.595553414257068
146 2 5.9799876428366465
147 1 -9.093545542019777
147 2 5.913037783307108
148 1 -9.763755292852725
148 2 5.948209749288856
149 1 -9.441206446475615
149 2 6.54199255306305
150 1 -9.8164442505477
150 2 6.832365808559143
151 1 -10.819926254093543
151 2 7.289081590003015
152 1 -11.324706577613416
152 2 7.339724433009046
153 1 -11.295561109096113
153 2 5.786971370602814
154 1 -9.740347111186184
154 2 6.900533289961431
155 1 -10.190647030957289
155 2 6.31612697491552
156 1 -9.75426077043737
156 2 7.006582593440166
157 1 -10.864146417814867
157 2 5.7675408693094505
158 1 -10.928764169842424
158 2 6.2538603418474175
159 1 -10.43611977867258
159 2 6.740281319451878
160 1 -9.245262261982088
160 2 7.749915835754401
161 1 -9.994148791116046
161 2 8.119264924825323
162 1 -10.605287559488097
162 2 8.177586844080752
163 1 -10.061927222722813
163 2 6.461522079231652
164 1 -10.283628654293503
164 2 5.6024444370179225
165 1 -8.26133454582288
165 2 7.383656843918498
166 1 -8.900389766532822
166 2 6.750275919437401
167 1 -8.085300426060149
167 2 6.899574407206241
168 1 -10.017875913376846
168 2 7.3390939580687125
169 1 -10.212166739521779
169 2 5.413395156048757
170 1 -10.477397946353864
170 2 4.09143176593024
171 1 -11.62590221372731
171 2 7.311651179797175
172 1 -10.780632930493192
172 2 6.578304115539342
173 1 -9.627030952649429
173 2 6.884057655140676
174 1 -10.14717455515957
174 2 4.683547217317844
175 1 -10.140940596448283
175 2 6.748391322789438
176 1 -9.920820165918789
176 2 6.478353479302783
177 1 -10.460513242079804
177 2 7.872794841128577
178 1 -9.317840616209343
178 2 6.303273561941744
179 1 -11.018070724081582
179 2 7.411695803943604
180 1 -10.257045826311296
180 2 6.14424665047929
181 1 -8.72497813957099
181 2 8.737792378242977
182 1 -11.904236366375269
182 2 5.788087971978101
183 1 -12.009399844791522
183 2 7.120784708006747
184 1 -9.964706199498785
184 2 6.8942498986004175
185 1 -10.181155472149479
185 2 5.905343888379045
186 1 -10.775392972446841
186 2 6.841663014228417
187 1 -10.072313216277083
187 2 7.173345484293174
188 1 -11.291460506027597
188 2 8.555170493531815
189 1 -9.901652664692689
189 2 5.502168049069307
190 1 -9.14408843738056
190 2 8.096066513915487
191 1 -9.315134239217285
191 2 6.5544621754001495
192 1 -10.254838787881527
192 2 7.894079873309142
193 1 -10.86776956292221
193 2 5.916873420191394
194 1 -9.86006325161373
194 2 6.247810634945443
195 1 -10.862732268437803
195 2 6.089760954155224
196 1 -10.362426600864854
196 2 7.427950877045942
197 1 -11.654168912829963
197 2 6.418304420594609
198 1 -10.453799845159507
198 2 6.367601984880412
199 1 -9.895298969066484
199 2 7.639058637817016
200 1 -10.26921855789173
200 2 5.005724777140818
201 1 -10.346744886589606
201 2 7.581417092599127
202 1 -9.695690945310007
202 2 7.080840723363346
203 1 -10.25967164721665
203 2 5.876845756942272
204 1 -9.299877885412476
204 2 7.020479495814831
205 1 -9.717434847676373
205 2 5.992760935488663
206 1 -11.037950313010755
206 2 7.002281682672428
207 1 -10.131412080093902
207 2 7.125721497795627
208 1 -9.01595455287892
208 2 7.44049814363934
209 1 -10.701172292716175
209 2 5.741214773996647
210 1 -10.597061351702648
210 2 5.3717896430568475
211 1 -11.597214306995218
211 2 6.966776561501238
212 1 -10.976098229271155
212 2 9.189468308423223
213 1 -11.46040116849767
213 2 7.583497613167306
214 1 -8.230328616995369
214 2 6.976755483866567
215 1 -8.711596517772426
215 2 6.086086589187712
216 1 -9.319561062583997
216 2 7.183880607393781
217 1 -10.861129861108608
217 2 6.868576477335337
218 1 -12.395291381284938
218 2 5.235161962521451
219 1 -9.608002146842066
219 2 4.91086138539184
220 1 -10.63078213885029
220 2 7.427908463448184
221 1 -10.340401428098332
221 2 3.209720052424736
222 1 -8.680068422778382
222 2 7.021427134905349
223 1 -8.820464128690856
223 2 6.357135251480906
224 1 -9.075813447372465
224 2 8.645182473298217
225 1 -9.167464458758495
225 2 6.67342159181535
226 1 -11.09758485845498
226 2 7.959406992992816
227 1 -10.59855674065295
227 2 7.661065825083879
228 1 -9.03588710385654
228 2 5.961137972683435
229 1 -9.755676580195518
229 2 6.7218031267675435
230 1 -9.76006721436851
230 2 7.680930200750557
231 1 -9.824764319062078
231 2 7.970964961953019
232 1 -9.989603957382034
232 2 5.523759467635682
233 1 -9.879642132298047
233 2 7.301932270501965
234 1 -10.318875568376003
234 2 5.49934608075505
235 1 -9.467648448008722
235 2 6.980752922435802
236 1 -9.605816790373556
236 2 6.832333205943334
237 1 -10.01307697660616
237 2 7.927428696715247
238 1 -9.845731796009783
238 2 6.027603337947854
239 1 -8.636207671771233
239 2 6.218779658825758
240 1 -10.329530077787046
240 2 5.509346941444451
241 1 -9.063939979726035
241 2 7.01642002335795
242 1 -10.211411673869884
242 2 7.2785252667009965
243 1 -9.4380842312234
243 2 5.500247223384373
244 1 -8.517801568167302
244 2 6.210205099191457
245 1 -10.98626254092347
245 2 5.525979497244799
246 1 -9.602580278503499
246 2 6.64594509147349
247 1 -10.460135104773958
247 2 6.0034061220126445
248 1 -8.828710249683411
248 2 6.748985506834624
249 1 -8.787167519068408
249 2 7.770161905482018
250 1 -9.57311063870287
250 2 6.653900447565745
251 1 -9.47966189530486
251 2 6.439168950214321
252 1 -8.267857328648034
252 2 5.191464644048798
253 1 -10.11146710800668
253 2 7.716701782337544
254 1 -9.47470194791064
254 2 6.92588824183052
255 1 -9.72142266543433
255 2 6.7514321309802225
256 1 -10.068333548830923
256 2 5.2895361100510145
257 1 -10.562250305671526
257 2 5.713585234435548
258 1 -10.719123525557087
258 2 8.498388194985528
259 1 -9.16701396487157
259 2 5.708957306662829
260 1 -10.006951462650237
260 2 5.796567253194502
261 1 -10.283826722605108
261 2 6.067305657649491
262 1 -10.345683248406404
262 2 6.470904164884912
263 1 -6.688246676164493
263 2 6.766247190330007
264 1 -10.708515309457516
264 2 4.622579440893105
265 1 -9.37680059037071
265 2 5.563212577890248
266 1 -10.003368615137207
266 2 7.2944538478173335
267 1 -11.961816873156437
267 2 7.893005309459982
268 1 -10.66290660801139
268 2 6.4486926653636685
269 1 -10.079929908067147
269 2 5.8021011070435335
270 1 -9.4077438834237
270 2 6.2121954489530635
271 1 -9.320352030080427
271 2 5.896175129992563
272 1 -8.96041816753687
272 2 5.784664780935765
273 1 -12.086170344335367
273 2 7.2901730813948245
274 1 -8.335473289094475
274 2 5.855807585857558
275 1 -9.800122772254257
275 2 6.902993609686096
276 1 -11.407794826067644
276 2 5.454172292351274
277 1 -9.634382707964026
277 2 7.562631751863063
278 1 -10.493283829156724
278 2 6.9953536851536695
279 1 -9.829282460733387
279 2 5.993414145498069
280 1 -10.291496265796942
280 2 7.22884177148363
281 1 -8.75840134095941
281 2 6.027995369504836
282 1 -10.570493968990998
282 2 8.341715976564444
283 1 -10.466651283367503
283 2 8.09387959418673
284 1 -10.215845438528376
284 2 7.2134521204857736
285 1 -8.510609702956195
285 2 6.308041882562142
286 1 -11.559111785983704
286 2 5.923021388430097
287 1 -10.828035604564386
287 2 7.310036209664466
288 1 -8.958385965121021
288 2 5.567315529885155
289 1 -10.158582364499258
289 2 6.061796263472042
290 1 -10.724941482131245
290 2 7.014291280105793
291 1 -10.394402708721133
291 2 6.1185876169429445
292 1 -10.422908603245407
292 2 6.483483914858689
293 1 -8.095474278176235
293 2 5.482808217007532
294 1 -10.09334263998475
294 2 8.520816902200435
295 1 -10.52857345465924
295 2 6.655036114194214
296 1 -9.617842737669655
296 2 4.0609063532379945
297 1 -10.591484174354065
297 2 6.311478598606481
298 1 -8.660964920962703
298 2 6.320193217213987
299 1 -10.334544264868818
299 2 8.085608851183787
300 1 -9.068639955538604
300 2 6.689527981556261
301 1 -11.00202478671531
301 2 8.539886646716987
302 1 -10.228128335545884
302 2 6.8470405886092935
303 1 -10.356706754764648
303 2 6.610941735398574
304 1 -10.156261781468261
304 2 6.135733331155862
305 1 -10.376600972576668
305 2 7.646782106302648
306 1 -9.79945604042484
306 2 6.315711738864335
307 1 -9.027536863397145
307 2 5.40139309034679
308 1 -9.399157115970134
308 2 6.606214985705919
309 1 -10.460119689822605
309 2 6.523513596609746
310 1 -10.579987036060412
310 2 7.646218766851206
311 1 -8.37519927918245
311 2 5.818378069972487
312 1 -7.981063307324267
312 2 5.956186346649639
313 1 -10.460435535864633
313 2 7.443095412228237
314 1 -10.695470308143154
314 2 6.6263483980825075
315 1 -8.079894925573544
315 2 7.069983502646187
316 1 -11.121320586836912
316 2 6.993773666761219
317 1 -7.740419576428583
317 2 7.412887921297487
318 1 -11.238439648549372
318 2 7.657670364023191
319 1 -8.490492928007699
319 2 6.135356009366201
320 1 -9.917152823037002
320 2 6.617643760052993
321 1 -10.46020986999319
321 2 7.76003964154493
322 1 -10.181133124027392
322 2 6.148684310563439
323 1 -10.356967976091799
323 2 6.621787578768054
324 1 -9.773878994427191
324 2 6.423530946969768
325 1 -11.32132509498697
325 2 6.278648945734062
326 1 -9.156498603612516
326 2 7.350402597011051
327 1 -10.292741144420253
327 2 4.8706210837664115
328 1 -8.099586548482467
328 2 5.816943155629694
329 1 -10.12337687786446
329 2 6.894845238853488
330 1 -10.827232430948262
330 2 7.776343444107574
331 1 -9.249410224457943
331 2 6.447745833107723
332 1 -10.899961347581312
332 2 7.356371611981996
333 1 -8.614949264210358
333 2 7.565982098829476
334 1 -10.650635158012577
334 2 5.850217085987688
335 1 -9.694748235318125
335 2 6.229242579596019
336 1 -9.162179889154189
336 2 5.655974463544639
337 1 -11.271814529277938
337 2 6.69324261399617
338 1 -10.566981164023986
338 2 6.437374674501592
339 1 -8.695339921598286
339 2 4.965236181461475
340 1 -10.538193940775459
340 2 7.547123155798374
341 1 -9.225180543455433
341 2 7.696551796137868
342 1 -11.837304580666554
342 2 6.703259527056083
343 1 -9.290605099081695
343 2 5.932056135400609
344 1 -11.536461236642435
344 2 4.832141328909527
345 1 -8.071979350688718
345 2 6.103801813582614
346 1 -8.771062210386077
346 2 7.821533445923532
347 1 -9.7253583965629
347 2 8.110572022172196
348 1 -9.752519318824271
348 2 6.096197821995653
349 1 -9.761935741759121
349 2 6.491829799279006
350 1 -9.88291538272669
350 2 7.694092747726705
351 1 -11.023822304846497
351 2 7.0091466279989545
352 1 -10.693953577464276
352 2 7.961041427690402
353 1 -7.843280644974021
353 2 6.906980165482912
354 1 -11.029748790732794
354 2 8.177818217720462
355 1 -10.528017917767727
355 2 5.400551815539081
356 1 -9.583926427257115
356 2 5.676065823251393
357 1 -10.538216306171554
357 2 7.2342071606117635
358 1 -10.360549978539453
358 2 7.453482871180296
359 1 -10.714418622401958
359 2 6.391912457863823
360 1 -8.924091882331014
360 2 6.284714493722877
361 1 -9.567590364603996
361 2 6.431960763492678
362 1 -8.572389041812677
362 2 6.924766752282029
363 1 -9.693159404803113
363 2 5.856221819419316
364 1 -11.030617090171896
364 2 5.473589477317679
365 1 -9.996111102793257
365 2 6.040757922446671
366 1 -8.689476382902548
366 2 6.65335056837419
367 1 -9.531217927074241
367 2 7.10921361086797
368 1 -9.856892567796175
368 2 7.092278716393901
369 1 -9.718628030716538
369 2 6.451594248006054
370 1 -9.343599236107034
370 2 6.726726176186181
371 1 -9.596847746868537
371 2 5.657116793000135
372 1 -8.770004894779596
372 2 6.533702004512136
373 1 -10.987296033396651
373 2 5.836682296003151
374 1 -11.362223954988664
374 2 7.933903643901295
375 1 -11.11898973949279
375 2 5.032635761966378
376 1 -9.872664607624682
376 2 7.0494568531873565
377 1 -10.672197571249757
377 2 5.139136115745169
378 1 -9.448588750337658
378 2 6.414995822014339
379 1 -11.102900597562444
379 2 6.517885940518987
380 1 -9.13419522635005
380 2 5.1488100496729015
381 1 -10.02096751773843
381 2 6.88340409727756
382 1 -10.88112844256963
382 2 7.350673913378842
383 1 -11.702355128256453
383 2 6.159330563661181
384 1 -10.399381225619146
384 2 5.700048514488735
385 1 -10.455786274793988
385 2 5.402604028675803
386 1 -11.12519628341997
386 2 7.078549188456532
387 1 -11.07337502951788
387 2 6.504630603310409
388 1 -8.990245224549968
388 2 7.90796094981398
389 1 -12.257871211178202
389 2 7.0680436481062
390 1 -10.488959259335651
390 2 7.786179285161694
391 1 -9.997141403403123
391 2 5.519017947079019
392 1 -9.607448936022973
392 2 7.419478532502572
393 1 -9.320127600408966
393 2 6.215635193202203
394 1 -10.169933956210382
394 2 6.3418762824207855
395 1 -9.88212188834923
395 2 7.011245952059943
396 1 -10.333117278996417
396 2 6.024169040197424
397 1 -8.993423570499639
397 2 7.781859873366487
398 1 -9.495003884982152
398 2 6.8519031933322285
399 1 -8.779867235836242
399 2 5.758622475079276
400 1 -10.385992954032348
400 2 4.905232849040406
401 1 -12.148337005470086
401 2 5.561707190394938
402 1 -10.045859228296898
402 2 4.797108517300922
403 1 -11.039367231000611
403 2 5.435656156490776
404 1 -9.38158069191004
404 2 4.857633281062586
405 1 -9.960367445557825
405 2 6.105131051436508
406 1 -9.45746267393256
406 2 6.011445885267253
407 1 -9.251009587369547
407 2 5.838612722166386
408 1 -9.302536251300339
408 2 5.659210171748288
409 1 -11.408486077181117
409 2 7.5953344212404446
410 1 -10.301676204771333
410 2 7.613359367356191
411 1 -8.892498564596659
411 2 6.921296655494229
412 1 -8.745105466518973
412 2 6.139825256215316
413 1 -10.314956572283533
413 2 5.07945121249855
414 1 -8.210708266652372
414 2 6.274673006091478
415 1 -8.906574711096177
415 2 6.025089655907973
416 1 -11.226484233001125
416 2 6.328167502917378
417 1 -10.382231392107043
417 2 6.453136512371033
418 1 -9.852297596834005
418 2 5.371227656883509
419 1 -7.560479849642497
419 2 5.651120834576439
420 1 -9.016893218272829
420 2 7.565928640265096
421 1 -9.527279556342132
421 2 6.640171439818772
422 1 -10.420735684840762
422 2 6.803567929195127
423 1 -9.46574234442994
423 2 6.472571854631096
424 1 -9.832746010742406
424 2 9.33659182018069
425 1 -8.153330958693898
425 2 8.951752668356438
426 1 -9.985851635998047
426 2 6.789381973019201
427 1 -8.794801863658467
427 2 5.447603187304593
428 1 -10.42639718628991
428 2 5.4499560363634005
429 1 -9.118766910606
429 2 5.929539448277625
430 1 -8.558439612277876
430 2 6.226663795261433
431 1 -9.550171128256784
431 2 7.7956760147267214
432 1 -10.475747817293492
432 2 7.511960816795596
433 1 -8.530626588872872
433 2 5.629977282562452
434 1 -11.147405808045242
434 2 6.037388842189855
435 1 -9.127709449149428
435 2 7.588566979942578
436 1 -9.641738864377626
436 2 5.481967077595854
437 1 -10.256080547450438
437 2 7.19900855802252
438 1 -11.04013035089675
438 2 5.279964245586989
439 1 -9.596135564413578
439 2 6.9429074843997585
440 1 -8.588522416719218
440 2 6.177967076497749
441 1 -9.261798877773968
441 2 6.97139460632013
442 1 -10.716801610517699
442 2 4.670522441699894
443 1 -9.620299415053765
443 2 8.135619994336198
444 1 -10.302683507512679
444 2 6.871619098746501
445 1 -8.563094908121995
445 2 4.648858892332744
446 1 -10.442480479298204
446 2 6.07814821871232
447 1 -8.706417024333277
447 2 7.666995802784747
448 1 -9.950535458960932
448 2 7.027120134304584
449 1 -9.635076172010312
449 2 8.879219320670174
450 1 -7.962691332006901
450 2 6.483379288668518
451 1 -9.732092748992851
451 2 6.5360334722314235
452 1 -9.491357005207327
452 2 6.887533526074353
453 1 -10.416901037719038
453 2 6.224684648888729
454 1 -9.401064078754855
454 2 5.512884535095671
455 1 -10.320285281478506
455 2 6.512543988368739
456 1 -9.208519079915888
456 2 8.048474634272596
457 1 -8.26264002230366
457 2 7.7666861829984395
458 1 -10.646913373796949
458 2 5.866578405588964
459 1 -9.953862284446345
459 2 7.703993903651634
460 1 -9.803596105727246
460 2 7.910862018171146
461 1 -8.952069690997524
461 2 7.485519219749098
462 1 -11.36218347647556
462 2 6.374182881654631
463 1 -10.050518798921733
463 2 7.397023593630098
464 1 -12.07304516541953
464 2 7.8505642482775
465 1 -6.339234520465688
465 2 7.747757144527111
466 1 -10.418603701748049
466 2 7.3719161307770005
467 1 -9.990949763100037
467 2 6.612546570709937
468 1 -10.208719847975805
468 2 7.251812483259462
469 1 -9.78640225639545
469 2 5.525400282631331
470 1 -10.124847693537475
470 2 6.436754323595272
471 1 -8.522775265551582
471 2 6.499280409243473
472 1 -10.17810413888557
472 2 5.830490563780495
473 1 -9.20068950286039
473 2 5.851150176637907
474 1 -10.372019165893704
474 2 7.494353688603339
475 1 -11.731250688267803
475 2 6.1707051247801665
476 1 -9.64988860809136
476 2 6.267448015434113
477 1 -9.700090370883169
477 2 5.556056795640865
478 1 -9.185598639739693
478 2 5.386884003547993
479 1 -9.595202216126482
479 2 5.000352766238402
480 1 -9.90643386478544
480 2 6.250405420163315
481 1 -9.840619900134874
481 2 8.310701873640435
482 1 -10.85336481846428
482 2 6.834121839355752
483 1 -9.548819161668666
483 2 6.591232333906268
484 1 -10.128149935862949
484 2 6.594502609266227
485 1 -6.709787167367464
485 2 5.441119960465885
486 1 -10.435477585926057
486 2 4.920572204928217
487 1 -8.99583629716524
487 2 6.68550359198176
488 1 -8.827343089100541
488 2 7.932947582970211
489 1 -9.62445718850595
489 2 9.721966181399095
490 1 -9.150392194057622
490 2 6.36749260914486
491 1 -10.644433585041991
491 2 5.901610023932838
492 1 -12.841941153202804
492 2 5.184140705916259
493 1 -8.811452480023892
493 2 6.983444942873604
494 1 -10.48116443681994
494 2 6.641149365366674
495 1 -9.375248030056266
495 2 7.24957649392332
496 1 -9.115043559621892
496 2 6.232551513668894
497 1 -11.46669987596351
497 2 6.971624187751772
498 1 -8.81309817434772
498 2 5.742425806037714
499 1 -8.103781965286876
499 2 6.376934712170505
500 1 -9.02831813709114
500 2 8.299142474278867
501 1 1.7138144825357056
501 2 -9.053563583259162
502 1 1.5700729897221246
502 2 -11.04776689881073
503 1 0.9874842616019239
503 2 -9.823765809293494
504 1 0.1314025776004748
504 2 -9.978070129654125
505 1 -1.438443646229918
505 2 -11.079566319416392
506 1 0.7181595654568644
506 2 -9.56724048758969
507 1 3.5197050232962805
507 2 -10.117344178621948
508 1 1.2286088413756078
508 2 -9.748060978319549
509 1 -0.3014994968859359
509 2 -8.990928900355616
510 1 1.1193252411079408
510 2 -9.670606804877915
511 1 0.13450662667229024
511 2 -9.566117901848436
512 1 0.22971101058450322
512 2 -8.539016659129999
513 1 0.030171794352165104
513 2 -10.222044545548748
514 1 2.6949165465557523
514 2 -10.790755459153406
515 1 -0.8036062575923928
515 2 -8.461529777767447
516 1 0.8932593935372136
516 2 -9.590192751213376
517 1 1.3282628479361258
517 2 -8.860827176375857
518 1 -0.05936219391019448
518 2 -9.383567648853095
519 1 0.1654348684253486
519 2 -10.4297025474293
520 1 1.0248124003444476
520 2 -9.385998514604317
521 1 0.5298239000457338
521 2 -7.358879421793725
522 1 1.7405336335769652
522 2 -11.373552449041007
523 1 -0.16843830916422153
523 2 -9.926114885674913
524 1 1.022206929059438
524 2 -9.578500755882013
525 1 0.1695070819016241
525 2 -9.835494859711034
526 1 0.20004321142953313
526 2 -9.840643708330695
527 1 1.2006170133731189
527 2 -10.572798955621554
528 1 -0.5921121643887786
528 2 -9.569598044997026
529 1 0.6925801017118816
529 2 -8.111268290552086
530 1 0.3631583938650857
530 2 -8.891913181423332
531 1 2.0506178822323666
531 2 -10.320844747950453
532 1 0.8757881191235865
532 2 -7.6459689088142975
533 1 1.0384298505706508
533 2 -9.294509785507751
534 1 0.9150405581985686
534 2 -8.197914449925472
535 1 1.3249756236005328
535 2 -9.920710632027623
536 1 1.6867001524831888
536 2 -10.532869562060602
537 1 0.8650684801790501
537 2 -12.095558213249706
538 1 1.1525364246932337
538 2 -10.871133308012396
539 1 -1.2587601562988593
539 2 -8.184896733380462
540 1 0.8399868344961903
540 2 -11.818247316679319
541 1 -0.2744290011629703
541 2 -9.816671998173579
542 1 -0.027697079354368936
542 2 -8.156381656751627
543 1 -0.2852923427488545
543 2 -9.159496592290584
544 1 -0.1450834156854176
544 2 -9.140097282659934
545 1 -0.1371389667759101
545 2 -8.813334123461308
546 1 -0.664285938131133
546 2 -8.633372840369459
547 1 1.8303678383598152
547 2 -9.189229054684727
548 1 2.6293014426658337
548 2 -9.001596529565715
549 1 1.093526528623277
549 2 -9.503638129395185
550 1 -1.883445401886688
550 2 -9.162057620224642
551 1 1.3666717082311721
551 2 -9.589741565458462
552 1 1.4507701437796316
552 2 -8.033084546886277
553 1 0.5901474133968925
553 2 -8.660338387865702
554 1 0.21019244339888637
554 2 -9.30396003000362
555 1 0.9016082687520612
555 2 -8.906120783906186
556 1 -0.5870046802329585
556 2 -8.93851744325077
557 1 1.326568111073802
557 2 -8.179457925247318
558 1 1.3720640673985658
558 2 -10.163794220967846
559 1 1.1343377605843539
559 2 -10.312870731637611
560 1 -0.3524346335662365
560 2 -9.685322564789978
561 1 0.9223301384466545
561 2 -9.67244927814582
562 1 0.07087575642525035
562 2 -8.574245698349067
563 1 0.223620404211204
563 2 -8.639160180288759
564 1 -0.8750628786894246
564 2 -7.5775375433681935
565 1 0.006454409741808442
565 2 -10.793459621997908
566 1 1.4468363231007877
566 2 -8.610762461632408
567 1 -1.1736090146640796
567 2 -8.400552910551795
568 1 -0.25243582501999184
568 2 -9.648507918137154
569 1 -1.402023195384752
569 2 -8.719838413685506
570 1 0.7055477016595559
570 2 -9.580832767672991
571 1 0.5725503052217634
571 2 -10.052075441172011
572 1 0.5112981851170763
572 2 -8.811105676333241
573 1 0.7403547998952404
573 2 -10.052400993439303
574 1 1.2848753724059594
574 2 -9.346624727003892
575 1 1.7668247072751988
575 2 -9.6663451877628
576 1 0.9719804023176963
576 2 -9.855667237127387
577 1 -0.6345269686854718
577 2 -9.653972722139708
578 1 -0.3446731755714597
578 2 -10.515129254201943
579 1 0.8835470082716215
579 2 -9.731487621207577
580 1 1.5179077651945578
580 2 -10.81910392136012
581 1 0.5929822256211598
581 2 -11.143013082924696
582 1 -1.618557894882397
582 2 -8.992146691469326
583 1 -0.08245880825648277
583 2 -7.436091660966902
584 1 0.8685567953343879
584 2 -7.636759415139808
585 1 1.2570180686598436
585 2 -10.521948378731182
586 1 2.928994494395012
586 2 -9.4891637305851
587 1 0.6972643380161525
587 2 -11.480547551212497
588 1 1.7423470617900294
588 2 -9.584472646623992
589 1 2.53513226675477
589 2 -11.299482610709871
590 1 0.8110451909762032
590 2 -9.799527876866444
591 1 -1.170522035744251
591 2 -9.8857987424496
592 1 1.0537074433296536
592 2 -11.028491409172965
593 1 -1.795346309322519
593 2 -8.132163780858896
594 1 -0.3447479557139146
594 2 -10.092265419992337
595 1 -0.3955087849691029
595 2 -11.97845523313035
596 1 -0.8806907757141851
596 2 -8.815809928954987
597 1 0.861429382316931
597 2 -8.65061167411627
598 1 0.4012067767210738
598 2 -8.387234061219946
599 1 0.8220327006416703
599 2 -12.070661153029743
600 1 -0.46319812993561205
600 2 -8.082155586834414
601 1 1.3025624690264894
601 2 -9.872534024196678
602 1 -0.14402851557419105
602 2 -7.565691825964301
603 1 1.197426810519278
603 2 -8.493519646891993
604 1 -1.2095955109453758
604 2 -9.866882459514972
605 1 2.2705193545455726
605 2 -8.565629843506889
606 1 1.1149888300953594
606 2 -9.647239834712057
607 1 1.215130544669082
607 2 -10.202975980951162
608 1 0.9666433220387425
608 2 -8.49142104479572
609 1 1.8332572627960224
609 2 -9.459079781127352
610 1 -0.8758090251305963
610 2 -10.427810916002215
611 1 0.2926322832546315
611 2 -9.067575811829858
612 1 0.40336956967603826
612 2 -10.200837505007787
613 1 1.8921156000449892
613 2 -9.583383650992904
614 1 0.1109025144344501
614 2 -7.70968343167808
615 1 0.6878363039648738
615 2 -8.56609210399901
616 1 1.5299792662960952
616 2 -9.640672752245258
617 1 1.6577390076019842
617 2 -10.347083507171606
618 1 1.10541096166154
618 2 -10.636812497532242
619 1 1.7689703913268542
619 2 -9.177690005304767
620 1 -0.11334487681785543
620 2 -10.045469426803974
621 1 -0.5911911559454532
621 2 -8.718569562723856
622 1 1.9567233478557045
622 2 -11.214936874970535
623 1 -1.4177300429513808
623 2 -8.871893089266614
624 1 1.524366560580955
624 2 -9.124370041108593
625 1 0.6669240168168648
625 2 -11.452026929452103
626 1 0.5662762449301504
626 2 -9.891187386000254
627 1 -0.44130337428449495
627 2 -9.612820364146652
628 1 1.5446541848210964
628 2 -9.277181698362265
629 1 0.02601733444680332
629 2 -11.141516223157963
630 1 1.535742666920837
630 2 -11.916843383531873
631 1 0.46465272834914984
631 2 -9.837193088376404
632 1 0.0542152895919088
632 2 -10.656269934520946
633 1 0.041194312484860496
633 2 -10.099765633728248
634 1 0.3129591261308663
634 2 -12.231146905259207
635 1 -0.04312186955959352
635 2 -10.529929248371
636 1 -1.446209139269954
636 2 -10.221001404758049
637 1 1.3144494094051264
637 2 -9.312016579096358
638 1 0.1378977178728824
638 2 -9.338161032685939
639 1 2.4546996954610734
639 2 -9.58822063461182
640 1 -0.6614605178178137
640 2 -8.294233980063886
641 1 0.5946050287439559
641 2 -9.507596887890573
642 1 1.014988291360707
642 2 -10.378043444989693
643 1 -0.6378580368393727
643 2 -8.428458312871939
644 1 1.1980116929099824
644 2 -9.931681687542184
645 1 -0.8984163641843619
645 2 -8.981114379377908
646 1 1.5597587730669094
646 2 -9.46305942693782
647 1 0.2963567921851068
647 2 -10.466162542026444
648 1 -0.7732659501894186
648 2 -11.189131533518433
649 1 -0.564148688213181
649 2 -9.322354131704525
650 1 -1.2998396485357575
650 2 -9.271956299420248
651 1 1.3947582499643878
651 2 -8.712477514409606
652 1 -0.2019839822204521
652 2 -8.48251313404276
653 1 0.3746727827659685
653 2 -8.818069336550119
654 1 1.433694886792833
654 2 -8.688085369539056
655 1 -2.370007640014585
655 2 -9.508728565744427
656 1 -0.6174413164971222
656 2 -9.277052406716615
657 1 1.4217537726795308
657 2 -9.230728626182536
658 1 1.5145756204613254
658 2 -10.464514325733925
659 1 -0.31456439823716753
659 2 -10.717944309202409
660 1 -0.04761807380549443
660 2 -7.112534284943553
661 1 1.0383990783765138
661 2 -11.109357811176153
662 1 0.19061512361590005
662 2 -9.380053906785038
663 1 0.5720215683738729
663 2 -10.66582095990411
664 1 0.17706186653969397
664 2 -10.271790070023426
665 1 -0.3727901921364405
665 2 -8.873914848925438
666 1 2.0980900656212462
666 2 -10.566779544872965
667 1 2.0254313850134453
667 2 -10.78548555144679
668 1 1.3726379032144878
668 2 -11.10010675353501
669 1 0.3626962425808838
669 2 -9.163390826555124
670 1 -0.2471518320396252
670 2 -7.454377614851333
671 1 1.5335026108498617
671 2 -8.54525533870244
672 1 1.9754009981887375
672 2 -10.824336159204119
673 1 -1.357997705231964
673 2 -9.337958032046085
674 1 2.118924754713615
674 2 -12.15204897635086
675 1 1.3893923253640081
675 2 -10.46294781476651
676 1 -0.136678000647673
676 2 -8.967167985303567
677 1 0.38586807101962967
677 2 -10.06083259888629
678 1 0.7823089868619674
678 2 -10.27106634361445
679 1 2.873700464204872
679 2 -8.251478355766848
680 1 0.40443144783498514
680 2 -8.34721602945136
681 1 -0.2599315173489286
681 2 -10.963837383994647
682 1 1.7335132731517977
682 2 -9.39267016210116
683 1 2.463635535804816
683 2 -8.526842562331822
684 1 0.8533114839682024
684 2 -9.738175301462672
685 1 1.7214170555055137
685 2 -10.112908231938587
686 1 1.5109689506050075
686 2 -10.016177476350308
687 1 1.4714840614575184
687 2 -9.077804630510892
688 1 1.6647028040668617
688 2 -8.443178018706682
689 1 0.4228849564703756
689 2 -11.41727725447349
690 1 -0.8048727931637385
690 2 -9.669248432622545
691 1 2.0389213253039973
691 2 -10.832740012102597
692 1 0.35632484961431976
692 2 -9.69964218963979
693 1 0.168678356016083
693 2 -9.144939559217146
694 1 1.7295655771733163
694 2 -9.308822337230072
695 1 0.36671248938387013
695 2 -10.940059235147109
696 1 1.0142164005900107
696 2 -9.68206781778617
697 1 0.4115224731162078
697 2 -9.152705488239594
698 1 1.6634535444051868
698 2 -8.912287141156861
699 1 2.0497428447575605
699 2 -9.26770299414494
700 1 0.36048020793858815
700 2 -9.70150487833657
701 1 -0.2481088473742955
701 2 -10.39387713383294
702 1 0.4733209426042233
702 2 -10.161273376797439
703 1 0.12161322915072176
703 2 -10.338370441119878
704 1 -0.11559914546751393
704 2 -8.880228974459447
705 1 0.4811425582317398
705 2 -10.040123285496152
706 1 0.4876634809831605
706 2 -9.303380290381044
707 1 0.06487418245120269
707 2 -9.761002765721043
708 1 -0.2460380243756103
708 2 -10.707961259001047
709 1 0.216538873207214
709 2 -11.870027278564514
710 1 0.3409392834713283
710 2 -7.567515311844183
711 1 -0.08076989841243631
711 2 -8.529014105221268
712 1 -0.16459175084716948
712 2 -8.422105498746838
713 1 0.28364396102099576
713 2 -9.804484761470034
714 1 2.1382360839544376
714 2 -8.74030246822743
715 1 -1.3529026413781737
715 2 -9.788199906149998
716 1 -1.6534457439916062
716 2 -11.228760788951753
717 1 -1.2294399512095036
717 2 -9.394054384599494
718 1 3.745390117627957
718 2 -9.465217312687164
719 1 1.213433337970916
719 2 -10.399170390644441
720 1 0.14440409675388094
720 2 -9.055236287133972
721 1 2.142179428988133
721 2 -10.561703434110921
722 1 0.6509474302898598
722 2 -10.791066287411248
723 1 0.9992353411999644
723 2 -8.697953835021282
724 1 0.9356633320848688
724 2 -9.511892054519862
725 1 -0.4195957150099364
725 2 -10.246718513857404
726 1 0.7962523425848812
726 2 -10.705342307153115
727 1 0.3270471680105283
727 2 -9.664387168758132
728 1 -0.23500161112707074
728 2 -8.114434447898772
729 1 0.8685705212769135
729 2 -10.702785483986055
730 1 0.3395864161260439
730 2 -9.219229656192223
731 1 -0.2936170102358103
731 2 -9.473466537284747
732 1 -0.86487643473253
732 2 -9.636054803248483
733 1 1.2731649586098048
733 2 -9.052390278305692
734 1 1.9482312224419491
734 2 -9.47960661562494
735 1 1.3454319572882851
735 2 -9.139957021068637
736 1 -0.38953481364151166
736 2 -10.287743072328986
737 1 1.5749909655072294
737 2 -9.881435997787603
738 1 3.2618887834598884
738 2 -10.561039358543779
739 1 0.6757114052897133
739 2 -9.523214470727611
740 1 1.7751469228924097
740 2 -10.04913423230018
741 1 1.1314231010842621
741 2 -10.129725899544267
742 1 0.5530079448165607
742 2 -7.893000662501291
743 1 1.6894748077868948
743 2 -9.383751390522086
744 1 -0.01301588803387732
744 2 -9.699415878464041
745 1 0.20677824977172582
745 2 -8.045754459751743
746 1 -0.6089481779102721
746 2 -11.703424349925427
747 1 -1.4093847804471378
747 2 -8.539620172370014
748 1 1.1835586201441033
748 2 -9.758580566985092
749 1 1.0291433409277115
749 2 -10.279491946154938
750 1 -0.3647340011203718
750 2 -7.6698447049640155
751 1 0.9223153236024824
751 2 -8.455999166062501
752 1 0.6871997413600196
752 2 -8.79483459538292
753 1 1.235493874079428
753 2 -9.685014810575877
754 1 -1.0819832533162526
754 2 -10.426154795236917
755 1 -0.6540404796003598
755 2 -9.24213448668637
756 1 -0.27004957746211555
756 2 -9.997510760674844
757 1 6.030903851817684
757 2 6.26860783890468
758 1 9.402520321676333
758 2 5.63537499203211
759 1 10.337323448288425
759 2 7.343175819498287
760 1 6.641061167815504
760 2 6.8906396106314975
761 1 8.717286705134256
761 2 5.262709729734523
762 1 8.47342820416236
762 2 6.331951296353101
763 1 8.2769031309592
763 2 5.811958253064858
764 1 8.324281801065823
764 2 5.569718731162304
765 1 7.602327495844259
765 2 6.104392680219969
766 1 9.160095025951144
766 2 7.093109362546513
767 1 10.624241364342332
767 2 4.4508844633964415
768 1 8.176894107631938
768 2 6.46649313345242
769 1 8.544376235219005
769 2 6.118861583422944
770 1 9.093066815693113
770 2 6.455635317864609
771 1 9.594686650600027
771 2 6.8914588261033085
772 1 9.326997513653414
772 2 3.973149379532582
773 1 10.109269129945162
773 2 3.47731516003464
774 1 10.893618982003447
774 2 6.519687342242387
775 1 9.788271112131053
775 2 7.996022427440344
776 1 10.187127441889913
776 2 4.414436215568597
777 1 8.40279906174958
777 2 4.738861009673771
778 1 9.442140055523762
778 2 5.66904428581538
779 1 7.393037093170201
779 2 5.620039097556053
780 1 9.664723304858983
780 2 6.3542008675979815
781 1 8.59378941361566
781 2 6.236631505504826
782 1 9.08424904290133
782 2 7.453698332776246
783 1 8.546712349319568
783 2 4.280941510370129
784 1 9.486787885867898
784 2 6.219217694510989
785 1 8.955275142252672
785 2 6.641086840112513
786 1 6.943198299891087
786 2 6.777171121738866
787 1 8.381574325770544
787 2 6.019586812104891
788 1 8.254831624908453
788 2 5.1282947498518645
789 1 9.916085512241128
789 2 4.781240062060801
790 1 9.564278944044775
790 2 6.58326235945744
791 1 9.424656446879908
791 2 5.452952010421046
792 1 7.903162478061093
792 2 8.01023616616509
793 1 10.576863089213992
793 2 5.763937350928346
794 1 7.687918193060068
794 2 8.539952282511015
795 1 9.704042872902622
795 2 5.1551131142617015
796 1 9.88891334615682
796 2 4.977094623460966
797 1 7.934135923024065
797 2 4.271972093850998
798 1 8.008018996145383
798 2 6.762971352759428
799 1 7.751354262834839
799 2 6.819422436989208
800 1 10.49443330919176
800 2 5.835942189400723
801 1 9.869603421857592
801 2 6.292258932681349
802 1 9.061074244778782
802 2 6.399200814589248
803 1 8.290587629958763
803 2 5.714228555504911
804 1 8.164029692481655
804 2 6.486856404947018
805 1 8.466541215422279
805 2 7.847270159260262
806 1 9.844792006031787
806 2 7.308921570576209
807 1 8.76293663494254
807 2 7.329324132302768
808 1 10.493293229246376
808 2 6.209683263038502
809 1 7.94633962880188
809 2 6.013157259640661
810 1 8.562528798017345
810 2 7.319165595913552
811 1 9.482079639976337
811 2 5.355157111629612
812 1 9.014874272562672
812 2 6.896931785812075
813 1 9.653631190727783
813 2 6.7550305579744325
814 1 7.5755511665623665
814 2 6.210230587803144
815 1 10.265307332881445
815 2 6.167753591130815
816 1 10.858762417458799
816 2 6.7802339771393045
817 1 7.650872106370869
817 2 6.135684939565792
818 1 8.056059716399126
818 2 6.8333196134672
819 1 8.45008123931112
819 2 4.797674908548257
820 1 8.742792161041473
820 2 5.076060592988031
821 1 8.834914888987461
821 2 5.430923013865803
822 1 8.371574997834735
822 2 4.203818028966291
823 1 9.170183809071364
823 2 6.656976021743715
824 1 9.79212755460922
824 2 6.749905422816593
825 1 8.44767517869138
825 2 6.6923650338940845
826 1 10.454660802300733
826 2 4.893520698174363
827 1 8.181902667485996
827 2 6.7704953857528025
828 1 7.165717624934286
828 2 7.7617510354510095
829 1 9.179384366926145
829 2 5.380247508761006
830 1 7.25689762017319
830 2 5.224438016729863
831 1 10.182878953526101
831 2 6.108767783581389
832 1 7.3546817664899224
832 2 5.048541829758642
833 1 9.291713434125802
833 2 5.405857091423034
834 1 9.479601807621183
834 2 6.34538746534319
835 1 7.813286950440418
835 2 6.580574903535846
836 1 9.811999583163729
836 2 6.304223458075033
837 1 8.629502914208112
837 2 6.224486231660301
838 1 11.039338691686414
838 2 5.465247847485265
839 1 8.812372440178953
839 2 6.3129774394260165
840 1 9.757383381341239
840 2 7.0187869795404625
841 1 8.846442441001805
841 2 6.258889082430561
842 1 8.264137830944609
842 2 5.705398062930944
843 1 9.620261836055295
843 2 6.2155729703737
844 1 8.461461526035368
844 2 6.725558780714076
845 1 10.615181934389394
845 2 7.282341939678019
846 1 8.77861926788009
846 2 5.497042890877277
847 1 8.761882935504744
847 2 6.1777318909482695
848 1 9.313381306788248
848 2 6.215854676336042
849 1 10.069485466303938
849 2 8.019921320372237
850 1 9.15031171267278
850 2 6.352370343464869
851 1 9.292048184642958
851 2 5.519884745651892
852 1 8.321882098677726
852 2 6.054243783861909
853 1 8.666187454493471
853 2 5.451416965295691
854 1 9.17283284667313
854 2 7.410918550691233
855 1 11.247231143256563
855 2 4.949301044058766
856 1 8.477123193189305
856 2 4.884264513406655
857 1 7.246623889464472
857 2 -3.338708785119329
858 1 7.720562983342454
858 2 -3.6872238803961457
859 1 8.104517112191772
859 2 -2.3449511118861723
860 1 7.120519110044081
860 2 -5.658849521763708
861 1 8.067610550941374
861 2 -3.828006030842366
862 1 8.312898631339237
862 2 -2.9705762093492973
863 1 6.8684112553122505
863 2 -5.24208132976918
864 1 6.466852432886147
864 2 -5.063069477283188
865 1 5.791815675140791
865 2 -3.3648072384363625
866 1 7.442782410908105
866 2 -4.424625458455455
867 1 7.714962597968599
867 2 -4.592983748368248
868 1 9.117799585112806
868 2 -5.71465213243706
869 1 7.0457233312037975
869 2 -3.111983269116648
870 1 7.218706068816637
870 2 -3.167039118628115
871 1 7.0908639774337034
871 2 -5.0769378377674945
872 1 8.700852087075544
872 2 -5.415956998024916
873 1 5.294864696698356
873 2 -4.118232556979619
874 1 9.084764295799088
874 2 -6.137917102310247
875 1 7.844176801216836
875 2 -4.038871473924615
876 1 5.706036946119644
876 2 -3.313496042417607
877 1 7.437941983890157
877 2 -4.822958517896401
878 1 5.1126913923603
878 2 -5.377977867019222
879 1 8.272192224583561
879 2 -6.085204650323971
880 1 7.164153408586225
880 2 -5.354312135617131
881 1 6.4753265180514905
881 2 -5.08287012813892
882 1 6.937576814781607
882 2 -3.912547700674086
883 1 6.947020375113935
883 2 -5.1355406229411065
884 1 5.537277100860817
884 2 -5.647933803882024
885 1 7.111582212315325
885 2 -4.272942166301519
886 1 6.319616800875201
886 2 -4.333417575133246
887 1 7.278500699713303
887 2 -4.599124789223641
888 1 6.282966639141397
888 2 -5.217243141399846
889 1 9.008477053905295
889 2 -4.683595171663446
890 1 7.566467847718172
890 2 -4.476151570368589
891 1 7.553250742771977
891 2 -2.8358835497134964
892 1 4.807488926111251
892 2 -2.7185008331216425
893 1 6.398029355119401
893 2 -3.409171114120953
894 1 6.929872561262934
894 2 -3.475343592111638
895 1 5.364521538923556
895 2 -3.0885710537142415
896 1 7.864084584958549
896 2 -4.16992074543694
897 1 8.344662534611103
897 2 -3.5033946481831
898 1 6.061215483914393
898 2 -5.265063182593821
899 1 9.402986181050144
899 2 -6.2711144524762625
900 1 5.172613499241511
900 2 -5.926727698047134
901 1 8.80531240511979
901 2 -7.377238190005508
902 1 7.551991939418251
902 2 -5.947892444011264
903 1 9.40168244853539
903 2 -5.236690779172328
904 1 6.744839519616651
904 2 -3.6860325306835855
905 1 4.865719356573477
905 2 -5.47924035995332
906 1 8.052638274508205
906 2 -4.1208787143115915
907 1 7.1807297460141974
907 2 -4.591962780490722
908 1 7.278341684186129
908 2 -3.380485988095165
909 1 7.4999159655483885
909 2 -3.1365235876337816
910 1 6.785651289735221
910 2 -3.8095800986123396
911 1 5.960563481639894
911 2 -3.8704961746616746
912 1 8.309743059435473
912 2 -5.6102292080176905
913 1 8.05774939692231
913 2 -2.7802637440043085
914 1 7.038169519913932
914 2 -3.853490470723283
915 1 7.617217218655885
915 2 -3.3256195421471593
916 1 7.819974021336197
916 2 -4.761837859929682
917 1 5.616361739451272
917 2 -5.868240772427766
918 1 7.733787526269842
918 2 -6.341437285720648
919 1 8.465666015555877
919 2 -4.74807634332863
920 1 8.351220619634491
920 2 -4.585907277558748
921 1 7.929641907012391
921 2 -3.406670487079749
922 1 6.92737871285953
922 2 -5.038140755138638
923 1 7.223229907421636
923 2 -5.291986356833411
924 1 8.530576677763966
924 2 -4.920467286909803
925 1 6.769136159031913
925 2 -5.484857654351637
926 1 7.28963270626639
926 2 -5.990424838192057
927 1 5.58777100448991
927 2 -6.234928704272175
928 1 7.001511259618748
928 2 -4.701861620200732
929 1 9.379860374877822
929 2 -4.963613382419897
930 1 6.295737330189801
930 2 -4.565611240154237
931 1 6.7362500305175566
931 2 -5.0302648132438375
932 1 7.760691023092854
932 2 -3.230090708862323
933 1 5.283171929858076
933 2 -3.2784722262744816
934 1 5.908209877569812
934 2 -4.717998169123006
935 1 8.918165459094128
935 2 -3.1717629337192856
936 1 5.127818166009758
936 2 -3.4772535199387584
937 1 8.30004010801877
937 2 -4.298563114383353
938 1 7.202516384482535
938 2 -3.4625177076685407
939 1 6.737401909332171
939 2 -6.310173744823933
940 1 8.086342145002984
940 2 -4.000224476799647
941 1 7.797394963745328
941 2 -5.222619006988153
942 1 6.068729566609311
942 2 -7.7465498790703275
943 1 7.065950799501507
943 2 -3.536527947697235
944 1 7.5163045270878595
944 2 -5.843643025805857
945 1 6.485019461350968
945 2 -3.677773565058144
946 1 7.486759049145524
946 2 -5.247608803999071
947 1 6.4387653530360325
947 2 -6.3534301358277645
948 1 7.6707081995668025
948 2 -5.2070586499330735
949 1 8.203386180287122
949 2 -6.836742855739375
950 1 6.381138857777908
950 2 -4.926041333867403
951 1 9.400118592283054
951 2 -5.248628354943574
952 1 8.319807051635472
952 2 -5.186990304391662
953 1 8.021125881559515
953 2 -4.570577375242772
954 1 7.129880527819001
954 2 -4.432915108041673
955 1 8.384803118073405
955 2 -5.202453944936361
956 1 8.903849283713974
956 2 -4.599540643484323
957 1 5.61959049941301
957 2 -3.596328912193286
958 1 7.048984660119848
958 2 -4.1512950278016065
959 1 6.088563657277127
959 2 -4.845577290811477
960 1 7.36187197371807
960 2 -4.39053617284047
961 1 9.238433639297677
961 2 -5.6446924471609625
962 1 6.074889232741911
962 2 -5.748196166714923
963 1 7.0047176289765565
963 2 -5.1812804981712715
964 1 7.10089227978114
964 2 -5.12812374561903
965 1 6.396219268503393
965 2 -4.83380712072813
966 1 7.145719504926007
966 2 -3.8473736939527488
967 1 5.437962554238982
967 2 -4.56560574229723
968 1 5.855926052910709
968 2 -4.630650825823635
969 1 8.377398207053913
969 2 -3.1832266681239383
970 1 5.919000384205528
970 2 -3.937048369374552
971 1 9.236324632390406
971 2 -4.994077989038945
972 1 6.592231692202944
972 2 -2.5451156968846735
973 1 5.560252254590411
973 2 -4.8301655488185435
974 1 7.521008672323211
974 2 -3.5910676720681103
975 1 6.134057483855381
975 2 -5.789519651640255
976 1 6.85600006313594
976 2 -3.907414969533166
977 1 7.382579212231714
977 2 -4.512969992208904
978 1 5.1293943492628085
978 2 -5.511485194527108
979 1 6.002403170325713
979 2 -4.4567900268541445
980 1 6.427814755617405
980 2 -5.76263998605078
981 1 8.188034591888917
981 2 -3.779254630252445
982 1 6.478874302906778
982 2 -4.902580242911241
983 1 7.7635654755404175
983 2 -3.9783641325869277
984 1 6.995687487564262
984 2 -3.966404566597388
985 1 7.1446607984573145
985 2 -2.477188466664652
986 1 7.428647298300457
986 2 -5.279945327986451
987 1 9.236849899307202
987 2 -5.763374240076186
988 1 7.218454838882574
988 2 -4.71154969330804
989 1 7.515394816990032
989 2 -4.297184848817012
990 1 8.28195636512544
990 2 -5.9793324332934255
991 1 7.277120794147597
991 2 -3.0076318232325328
992 1 5.616490618023258
992 2 -5.001539152786373
993 1 7.5176410869538834
993 2 -5.8690468919851035
994 1 6.622688465866913
994 2 -5.705611849219898
995 1 8.69074953402859
995 2 -3.679135235595207
996 1 5.898935542683183
996 2 -2.9070693387213344
997 1 5.739571254903324
997 2 -2.9162346409782414
998 1 4.388219109576735
998 2 -4.375812064296599
999 1 8.141594627794028
999 2 -5.006602958609871
1000 1 6.617226237036266
1000 2 -6.102707658390434
1001 1 6.43816114808517
1001 2 -4.578037257996451
1002 1 7.357132951343764
1002 2 -3.2627606223339303
1003 1 6.684905967709763
1003 2 -4.153231306105597
1004 1 7.526409813255583
1004 2 -3.1376532632812095
1005 1 7.131986628428898
1005 2 -5.397180993947403
1006 1 9.62021367118825
1006 2 -4.327291588285555
1007 1 7.985119459261452
1007 2 -4.120504045956112
1008 1 7.967380481354691
1008 2 -2.104881609488104
1009 1 7.5019609740237545
1009 2 -5.530521568139462
1010 1 7.495908241628991
1010 2 -4.574660706038639
1011 1 7.265303784435091
1011 2 -5.214714271245105
1012 1 7.83853198944986
1012 2 -3.6589757345638207
1013 1 8.188217825490485
1013 2 -5.087539004636783
1014 1 7.92750346006119
1014 2 -3.9951667496692744
1015 1 7.479453860201885
1015 2 -3.7118684088868026
1016 1 6.923720099561688
1016 2 -4.338301357907231
1017 1 6.322090239448577
1017 2 -5.399735589706065
1018 1 6.607095691411438
1018 2 -4.0827523591410895
1019 1 8.709820158591903
1019 2 -4.348883671925988
1020 1 7.147332724182154
1020 2 -2.5675200914997647
1021 1 5.90848304442701
1021 2 -4.190267248924417
1022 1 8.397228271831677
1022 2 -7.052625657649129
1023 1 6.907767123087599
1023 2 -4.210591227303848
1024 1 6.688198780754051
1024 2 -6.483585639934292
1025 1 7.586488418450997
1025 2 -4.736599743733766
1026 1 7.3376552986542505
1026 2 -4.914900141224787
1027 1 5.559074945165125
1027 2 -4.9177828869056865
1028 1 7.0100660538303625
1028 2 -3.964944730181715
1029 1 7.649005588357756
1029 2 -6.351000551860604
1030 1 6.304768239423215
1030 2 -5.104752559577457
1031 1 5.661886401485497
1031 2 -4.616172083755622
1032 1 9.323040368662681
1032 2 -6.3995162575018645
1033 1 6.479555142697173
1033 2 -4.6484253121958945
1034 1 8.058769348430145
1034 2 -3.5253562124132216
1035 1 5.609882623905982
1035 2 -5.29434761923961
1036 1 7.843532322195131
1036 2 -5.224357530964519
1037 1 7.170473802654709
1037 2 -5.424382576590656
1038 1 7.984839427094501
1038 2 -6.4591843822522605
1039 1 7.578028211510537
1039 2 -4.4233514006947185
1040 1 6.739143099545644
1040 2 -3.623274137880333
1041 1 8.686736234436239
1041 2 -4.315586820515058
1042 1 6.3729834266905065
1042 2 -3.32561624396604
1043 1 6.690123250011606
1043 2 -4.843646244165566
1044 1 6.424154630063976
1044 2 -6.540982611795954
1045 1 6.446034430132405
1045 2 -3.7018562061968123
1046 1 7.926406039003925
1046 2 -5.082857472830824
1047 1 7.229813822128073
1047 2 -4.162904394702757
1048 1 8.289109588490671
1048 2 -4.801905163050054
1049 1 7.867935399893225
1049 2 -3.8514431708073196
1050 1 7.808295905981169
1050 2 -5.97762372513882
1051 1 5.940783264385108
1051 2 -4.888750075367143
1052 1 8.252855902965575
1052 2 -5.418006985466056
1053 1 7.564361537325133
1053 2 -3.7753594241835726
1054 1 6.199821742206932
1054 2 -5.042564839413407
1055 1 7.058591242632796
1055 2 -4.830931843005855
1056 1 7.743756687864561
1056 2 -6.008901598270226
1057 1 7.575244810734576
1057 2 -3.277882572476212
1058 1 6.92198775793784
1058 2 -4.851730031597822
1059 1 7.125136614639852
1059 2 -5.787117191112099
1060 1 8.792324487456838
1060 2 -3.6892353928256303
1061 1 6.939590033739092
1061 2 -4.8865447230545485
1062 1 7.978996927319214
1062 2 -2.436670391136002
1063 1 6.887234476707101
1063 2 -3.712165269010402
1064 1 10.00603755685669
1064 2 -4.796642481334166
1065 1 8.051313229897834
1065 2 -5.1316741836927005
1066 1 8.213027177210483
1066 2 -5.754489329750873
1067 1 6.346412060986569
1067 2 -5.3989663290219125
1068 1 7.565508169945431
1068 2 -5.21633892732868
1069 1 8.617303119643996
1069 2 -3.001627171128379
1070 1 6.20372982338999
1070 2 -5.401847975931471
1071 1 6.326271170338194
1071 2 -5.442977458202344
1072 1 7.869032147707825
1072 2 -3.5247050966963456
1073 1 7.294272880733924
1073 2 -4.479736770319395
1074 1 5.211787945969535
1074 2 -3.851667393384012
1075 1 9.390538535948856
1075 2 -3.675232742242076
1076 1 8.759694679392979
1076 2 -3.2358251139564187
1077 1 6.958382015398329
1077 2 -3.93669532189095
1078 1 5.93434128256172
1078 2 -5.65159353256211
1079 1 7.991609474909422
1079 2 -7.069785259831738
1080 1 9.197256418254925
1080 2 -6.799242984209821
1081 1 5.674696719050808
1081 2 -6.1825588459901395
1082 1 7.575600710290797
1082 2 -5.827244278898817
1083 1 7.940213673753436
1083 2 -4.785007530686395
1084 1 7.74278926931043
1084 2 -3.704093140806892
1085 1 5.972531586944469
1085 2 -4.128392304101686
1086 1 5.977623788943255
1086 2 -2.906393075660321
1087 1 5.947942307448027
1087 2 -6.362228071276649
1088 1 6.493352721933409
1088 2 -5.503255538845804
1089 1 6.600770103780256
1089 2 -5.181471388145219
1090 1 4.693740814577087
1090 2 -5.263246119001039
1091 1 5.655918205642046
1091 2 -7.267660378380271
1092 1 7.455744633925201
1092 2 -4.251064883335906
1093 1 8.244020456896045
1093 2 -4.345869637977808
1094 1 5.5556468559374785
1094 2 -4.052574666993495
1095 1 7.577458581521034
1095 2 -5.708291634831869
1096 1 8.80872525485065
1096 2 -3.3215736222479295
1097 1 5.459763018770193
1097 2 -3.840307474669809
1098 1 7.171740372534832
1098 2 -6.4605797252536465
1099 1 7.728886068810959
1099 2 -2.6006790848512846
1100 1 4.563219199057899
1100 2 -4.755791948834749
1101 1 8.224580337061303
1101 2 -4.81293557039236
1102 1 4.988877713284587
1102 2 -4.763377818595479
1103 1 6.1070382426508445
1103 2 -3.701455453177187
1104 1 7.205566502457938
1104 2 -3.0769128877899163
1105 1 6.0830516440165585
1105 2 -4.70673789836009
1106 1 6.768102238904394
1106 2 -5.534373906983102
1107 1 6.6735257049308725
1107 2 -4.251053099944193
1108 1 6.740698706168979
1108 2 -5.504461959074702
1109 1 7.2258361544201355
1109 2 -3.8889348766782406
1110 1 8.110034855220515
1110 2 -3.558912356982266
1111 1 7.770915330643597
1111 2 -5.704218392630754
1112 1 6.051081121738895
1112 2 -4.600940500827371
1113 1 7.247375815949032
1113 2 -3.444894303827211
1114 1 7.482314875270335
1114 2 -5.303910326467599
1115 1 4.741172168562633
1115 2 -5.316373767708521
1116 1 7.614271910813506
1116 2 -5.224870527923861
1117 1 5.052441792408077
1117 2 -3.7790884222623733
1118 1 6.692828893603552
1118 2 -3.8352905220225613
1119 1 7.26406560471089
1119 2 -4.708900689471728
1120 1 8.054520021241432
1120 2 -5.579052025160408
1121 1 8.162713465452061
1121 2 -4.05229708310544
1122 1 7.637776927927883
1122 2 -4.4941397027470975
1123 1 5.695210153317121
1123 2 -2.8531167244689954
1124 1 8.252098579508806
1124 2 -5.005416663810023
1125 1 6.580672146106008
1125 2 -5.059856265527787
1126 1 7.165641866487975
1126 2 -3.368602713704737
1127 1 6.95537741052313
1127 2 -4.141414889364702
1128 1 7.231063510496504
1128 2 -5.769125075631768
1129 1 4.4903594558560815
1129 2 -5.84860206356065
1130 1 7.019588296647889
1130 2 -3.4434812197103697
1131 1 8.839248158499277
1131 2 -4.360108974093409
1132 1 7.426959021683355
1132 2 -6.321039453116498
1133 1 6.6152552575761066
1133 2 -5.789153090726589
1134 1 6.0741038224507005
1134 2 -6.3000511322644535
1135 1 5.3054230921836325
1135 2 -4.836990499158029
1136 1 6.972679353372931
1136 2 -3.0760925070494833
1137 1 9.652290725410886
1137 2 -5.24131701215276
1138 1 6.000094410901652
1138 2 -4.513710003856094
1139 1 7.1124595482410475
1139 2 -4.458500962188441
1140 1 8.05523018818015
1140 2 -6.177995483155248
1141 1 6.896758839550428
1141 2 -5.90194920998367
1142 1 6.510412331410962
1142 2 -5.569006353934281
1143 1 7.420586580533026
1143 2 -4.005629406953691
1144 1 6.453893169864696
1144 2 -3.844650640095806
1145 1 7.092273461550621
1145 2 -3.862291009240144
1146 1 6.319579078188007
1146 2 -5.093666900513256
1147 1 8.023658772716576
1147 2 -4.916054449822806
1148 1 5.4547734726483945
1148 2 -3.384926237389836
1149 1 4.9742304345810515
1149 2 -4.460771229293719
1150 1 7.235779940472315
1150 2 -5.7444859987482655
1151 1 5.192289713702465
1151 2 -6.099953378597901
1152 1 7.158948522960632
1152 2 -2.869090040697141
1153 1 7.9128669096362305
1153 2 -5.760914896596459
1154 1 6.079093116846195
1154 2 -5.78036427632687
1155 1 5.409115194302551
1155 2 -5.313154249171174
1156 1 5.141142912169977
1156 2 -5.2524541475280175
;