param NumberOfPoints:=1150;
param NumberOfDimensions:=2;
param NumberOfClusters:=5;
param Point:=
1 1 -1.101866314845453
1 2 5.428908068671125
2 1 -1.86562472201737
2 2 5.603449793477607
3 1 -2.6265632707241804
3 2 5.038840915709484
4 1 -1.474977664800698
4 2 2.5203721369847556
5 1 -0.09122155861886339
5 2 3.9556887260487255
6 1 -0.34169854191774585
6 2 4.242942663014476
7 1 -3.1937347605293347
7 2 5.753955163773221
8 1 0.5896332684936558
8 2 2.1761056767017983
9 1 -2.663365583565657
9 2 3.8637831619785157
10 1 -0.8707198844198196
10 2 4.612566649895383
11 1 -1.1688309501458185
11 2 3.669234664797566
12 1 -1.8522704703276893
12 2 5.420832651100658
13 1 -3.3039571958651894
13 2 4.795907495112578
14 1 -0.7619734224766672
14 2 5.354260855330462
15 1 -2.221126484455677
15 2 4.79326106787485
16 1 -2.2636349154634243
16 2 5.591451877162314
17 1 -1.4226636567840427
17 2 5.352997466036338
18 1 -2.192138143234858
18 2 5.8446384602938855
19 1 -0.0639784006723807
19 2 3.4088116850246184
20 1 -0.38054834608894983
20 2 5.533035664128966
21 1 -1.8895379586998826
21 2 5.849806725844564
22 1 -1.6937525810390706
22 2 4.941046053187285
23 1 -0.676442710506579
23 2 4.933529869668345
24 1 -0.12659610602661475
24 2 5.181345778029817
25 1 -1.8843845347502506
25 2 5.094723654477554
26 1 -1.826124088390439
26 2 4.312324079238986
27 1 -0.4235059196343388
27 2 5.200996858376079
28 1 -2.742042033217348
28 2 5.961267127925821
29 1 0.4589235130647513
29 2 4.768532651253353
30 1 -0.6745630189861489
30 2 4.786780245441326
31 1 -0.5905752947684699
31 2 4.658959235453815
32 1 -1.30169894963196
32 2 5.18233413734426
33 1 -3.1994980656831045
33 2 4.859537284440829
34 1 -3.4793141695376364
34 2 4.246300068946454
35 1 -2.423705722513685
35 2 5.078349335614226
36 1 -1.1198878162695443
36 2 5.314425835475711
37 1 -0.7893916719378966
37 2 4.084415786211904
38 1 -0.45992070451358824
38 2 5.1917295584975705
39 1 -3.3682913209805316
39 2 5.1026813160796625
40 1 0.5177079814899073
40 2 4.811226626493693
41 1 -0.2359657188790576
41 2 3.7564404046967175
42 1 -0.6043822351688594
42 2 4.961766770686921
43 1 -1.9497524071822272
43 2 5.220196009492882
44 1 -1.2279751964929564
44 2 5.084054084251839
45 1 -1.935066615530098
45 2 4.062076015133298
46 1 -0.8457744817390566
46 2 4.316569865021907
47 1 -1.6567084438016713
47 2 3.600035510788651
48 1 -1.358798100294961
48 2 6.15846634119946
49 1 -1.4185494882933658
49 2 5.807268524697574
50 1 -1.9356240751746159
50 2 4.675208579304391
51 1 -1.389272489251629
51 2 4.857377485884863
52 1 -2.233266001317187
52 2 3.885985470117729
53 1 -1.6962945609728175
53 2 5.907186869888586
54 1 -1.6024037212827393
54 2 5.022181130648279
55 1 -1.8610130830695413
55 2 4.479640847252162
56 1 -0.3024733310144754
56 2 4.242332656486137
57 1 -0.8982699854523144
57 2 5.361888068903182
58 1 -2.8506326007383174
58 2 5.927946239797014
59 1 -1.0185046269669078
59 2 4.5613035153610495
60 1 -0.1602788650959508
60 2 2.9341172847966397
61 1 -0.9410580408613411
61 2 3.3124424522251394
62 1 -2.3546387136373106
62 2 4.625054580339329
63 1 -2.4541626019592204
63 2 5.761561895409991
64 1 -1.8510156926635526
64 2 3.549213529677256
65 1 -1.8400487733886477
65 2 7.009130198531752
66 1 -0.7212120471557517
66 2 5.421711857560675
67 1 -0.6016274254412588
67 2 4.138011433139566
68 1 -2.183637390467378
68 2 3.584896906700634
69 1 -2.0960490286320654
69 2 4.463532339223081
70 1 -2.465195793189948
70 2 5.6587427964453365
71 1 -1.0873869651295671
71 2 4.942121335578648
72 1 -1.4217793067078184
72 2 4.160805017755033
73 1 -0.17499730048359874
73 2 5.753606344988335
74 1 -1.3017385253759248
74 2 4.885274860010086
75 1 -2.018316890646359
75 2 3.4550886028944063
76 1 -1.4943104443780542
76 2 5.111768816989054
77 1 -0.21830403199152215
77 2 5.331429753051737
78 1 0.173700133115974
78 2 3.319425195046383
79 1 -2.0010306057523524
79 2 4.2381823856217204
80 1 -1.2830067131434741
80 2 4.045225997182174
81 1 -1.3342124386318817
81 2 3.905668717011552
82 1 -1.173297831707663
82 2 4.744472162890935
83 1 -1.1105700182605487
83 2 6.987765918468853
84 1 -0.30905767849365784
84 2 5.430120019249782
85 1 -1.8935469782073637
85 2 4.070735430612286
86 1 -0.9566076096374636
86 2 3.6593821034937806
87 1 -1.6598517399931738
87 2 4.355510300245686
88 1 -0.871797476478829
88 2 6.987767413111054
89 1 -1.493192014763987
89 2 4.332180772913103
90 1 -0.5425847943322659
90 2 3.741793274871481
91 1 0.03322059651229381
91 2 4.916192830635262
92 1 -0.3383782855498858
92 2 4.9093447616518615
93 1 -1.887320378398233
93 2 4.347146380171067
94 1 -2.0908926220709616
94 2 7.170331748023981
95 1 -0.7416555576741298
95 2 6.775135227337403
96 1 -1.4241038053797257
96 2 5.475607426550399
97 1 -1.9139528425036048
97 2 5.044440000487229
98 1 -0.2007916046577638
98 2 4.74392160009881
99 1 -2.026546196804575
99 2 4.736221026463598
100 1 -2.4686689603053535
100 2 5.437705719737917
101 1 -2.6880537101918685
101 2 3.752647662362516
102 1 -0.7572564643867663
102 2 4.150371597098951
103 1 -1.6519473640305793
103 2 4.691384493865083
104 1 -0.3871975016946374
104 2 4.129373159789699
105 1 -1.6280484002830815
105 2 2.820062163448517
106 1 -1.4933822238935117
106 2 4.555566890058185
107 1 -0.876091023627583
107 2 6.082430008893134
108 1 -2.0562628713715547
108 2 4.4387593986408085
109 1 0.5514203161920537
109 2 4.446638594081416
110 1 -1.8920454160835747
110 2 3.0790478502045984
111 1 1.430597027788688
111 2 3.5926553229399554
112 1 0.15291434350221933
112 2 4.928107099374158
113 1 0.1467506575934605
113 2 5.629666576124002
114 1 -3.683556053293269
114 2 4.683421795271112
115 1 -2.910554296061621
115 2 5.64241768058469
116 1 -1.2832490706343118
116 2 5.545754267058997
117 1 -1.024825450654511
117 2 6.141598877843402
118 1 -1.4723817367902303
118 2 3.1840067914478487
119 1 -2.321076447683614
119 2 5.369067017371494
120 1 0.8454109999272315
120 2 6.128687515190893
121 1 -1.3249834007475272
121 2 5.045046001318463
122 1 -1.48374437397515
122 2 4.59017894630192
123 1 -0.32861860104771135
123 2 7.09150603397459
124 1 -1.2958701534266648
124 2 5.082441677415423
125 1 -1.4087095868420931
125 2 5.709994560779298
126 1 0.16040709454006152
126 2 6.156614460901617
127 1 0.13516427873236636
127 2 3.887367578352215
128 1 0.4564219546640973
128 2 5.2105873671023115
129 1 -2.0456103256030085
129 2 6.091332701245516
130 1 -1.9274069538980894
130 2 5.136412722328523
131 1 -3.3120137009656974
131 2 4.403849599421156
132 1 -2.737300707060092
132 2 6.255867861766967
133 1 0.10075946572470706
133 2 4.251766518014016
134 1 -1.41876797913996
134 2 4.969289557939361
135 1 -1.9228907141555378
135 2 6.021222171019879
136 1 -1.1396297742390953
136 2 5.545254276697898
137 1 -0.8346151973970979
137 2 5.850580090059978
138 1 -1.8917557121196715
138 2 4.283827695457271
139 1 -0.9729763749272669
139 2 3.7470977438238364
140 1 -2.582972333704177
140 2 5.110955592448154
141 1 -2.1158082059391434
141 2 5.030606660590685
142 1 -0.6456411929773513
142 2 4.346681698233507
143 1 0.5304772022745317
143 2 4.712139025591731
144 1 -0.8497977366005831
144 2 4.653091681628172
145 1 -0.3425751815873279
145 2 4.815775999452338
146 1 -0.181208255075056
146 2 4.462782709728707
147 1 -0.802216236313195
147 2 6.186896457180651
148 1 -0.2767562875691274
148 2 3.91552096908383
149 1 -1.5990661316066306
149 2 3.909779662499253
150 1 -2.768129170951979
150 2 5.389206743756885
151 1 0.37268011625592434
151 2 3.1811653948215777
152 1 -2.7401819308616897
152 2 4.613394617246
153 1 -0.4980115386560724
153 2 3.678350938520002
154 1 -2.3807381478985805
154 2 6.046207076498577
155 1 -0.9131191820449369
155 2 4.739692893677808
156 1 -1.4745736542953627
156 2 5.131521020704565
157 1 -3.443546645476223
157 2 6.583978315849267
158 1 -2.331578631915045
158 2 4.012872869519571
159 1 -0.8405000886161915
159 2 4.876964423012493
160 1 -0.684409019878936
160 2 3.315624559206202
161 1 -0.16318653130288396
161 2 4.6339950539151165
162 1 -1.023310686121217
162 2 4.50066078342315
163 1 -1.3500306690191484
163 2 7.216906493499273
164 1 -1.4572338006331438
164 2 5.701219500054052
165 1 -1.8921003570008623
165 2 5.057870139463169
166 1 -1.0154042404426082
166 2 5.709405521706179
167 1 -1.0217331633614788
167 2 6.441316432479474
168 1 -0.2819081525827596
168 2 4.578815432147228
169 1 -1.4577802772642183
169 2 5.242310851237536
170 1 0.17883367392273786
170 2 5.313020397210507
171 1 -2.08656048080345
171 2 4.746766190322712
172 1 -2.2963176189966363
172 2 4.859034949738432
173 1 -0.4466348041446311
173 2 5.592149977476982
174 1 -3.6750747798567067
174 2 4.279457618602419
175 1 -0.07239141047320641
175 2 6.509369660355786
176 1 -0.2874467896332822
176 2 5.038709665849551
177 1 -1.0213943312752394
177 2 5.148136974857841
178 1 -0.3733091522809593
178 2 4.252636401777912
179 1 -0.9875420890585024
179 2 3.9942457362858264
180 1 -1.7225722140414481
180 2 5.201282194174904
181 1 -1.2689503669944908
181 2 7.120576062844019
182 1 -1.2290138218854516
182 2 5.842844766494096
183 1 -2.6322243856686036
183 2 5.422509568923898
184 1 -1.4144652974521716
184 2 4.44372947343101
185 1 -2.270820092928803
185 2 5.884082467989129
186 1 -0.2794694471016985
186 2 6.074134830567449
187 1 -0.21018659804233653
187 2 4.73115181095012
188 1 -2.048155064377228
188 2 5.6281372555648135
189 1 0.41928393817239673
189 2 4.148697114070654
190 1 -0.8932716101590861
190 2 4.572053958245909
191 1 -2.415622036315574
191 2 5.551602717739476
192 1 -1.7563505621341782
192 2 5.3345828035929355
193 1 -1.0872524364480567
193 2 3.3929285621471252
194 1 -2.946042519869274
194 2 6.987769022583167
195 1 -1.3097343491376576
195 2 5.776268584094552
196 1 -0.9430272325069291
196 2 4.764797284370497
197 1 -1.8950435084403756
197 2 6.348769152534725
198 1 -2.166459623388057
198 2 4.699680324394177
199 1 -0.46408597307175514
199 2 5.121859104344328
200 1 -1.49531254224114
200 2 5.313586712944387
201 1 -0.0715066131822697
201 2 5.318288220709616
202 1 -0.81037136003879
202 2 4.4098839163674874
203 1 -0.8478549362053849
203 2 5.587271990371413
204 1 -1.2886988202852656
204 2 5.628290531038204
205 1 -2.5276481522038328
205 2 6.035128896080613
206 1 -1.9737306330761024
206 2 4.224508009027276
207 1 -1.3896875196537928
207 2 5.040271937676611
208 1 -2.6914255841013315
208 2 4.183788854944858
209 1 -0.8816838981302498
209 2 5.13525084504781
210 1 -1.3836897778736825
210 2 4.586003048375796
211 1 -0.796121007284585
211 2 4.206965562933692
212 1 -1.660518748057675
212 2 3.6145298412785762
213 1 -0.9553014548553119
213 2 5.191532521034796
214 1 -0.8926037638916238
214 2 3.5487676937661035
215 1 0.7473147598022392
215 2 6.40674772491008
216 1 -2.299206322142754
216 2 3.5712594701443057
217 1 -2.8489198333590955
217 2 5.552961547445671
218 1 -2.6181135965712468
218 2 5.435864675033771
219 1 -1.003345107131051
219 2 3.750113700314502
220 1 -1.6274614860265508
220 2 4.105504609011504
221 1 -0.8912446157775767
221 2 6.927859004231699
222 1 -0.18648214580946165
222 2 4.700322843651851
223 1 -0.44398891765574666
223 2 4.212798879112412
224 1 -2.2732197809519423
224 2 4.943654571580043
225 1 -0.531413677566392
225 2 6.50536751732433
226 1 -0.7463127352727854
226 2 4.255700294096917
227 1 -1.6727175656519155
227 2 6.453509560476394
228 1 -2.1742960727513054
228 2 6.440227595059715
229 1 -0.6457967747619976
229 2 3.2525520007309128
230 1 -0.4141357997808539
230 2 5.774951354815519
231 1 -0.7266692769728147
231 2 5.101003924125127
232 1 -1.370095950781127
232 2 4.017011542541979
233 1 -1.0643331214771474
233 2 4.416415740901397
234 1 0.9711319005288659
234 2 5.763920083304003
235 1 -0.3766567551863671
235 2 5.2118425544859885
236 1 -1.9361803978460068
236 2 3.0535730592654335
237 1 -1.5238810583373392
237 2 3.22629344074445
238 1 -1.3649321607648541
238 2 5.720245347805497
239 1 -1.366039404837506
239 2 5.152197056465702
240 1 -0.700863683793503
240 2 4.129306839766943
241 1 -2.5681273246536636
241 2 6.923716257011014
242 1 1.6809956991799497
242 2 5.000182363352563
243 1 -0.5690645733246626
243 2 3.989519030734414
244 1 -0.5745294855135372
244 2 3.899926538144615
245 1 0.2986309349200573
245 2 4.183341226208594
246 1 0.6378980839944828
246 2 5.968680303550768
247 1 -0.5303325929171138
247 2 4.4637119603175694
248 1 -0.9705762311473516
248 2 4.6993646543126815
249 1 0.5109003715602922
249 2 4.9887401466756485
250 1 -2.0815933436089713
250 2 5.246183872375565
251 1 1.1961424331775117
251 2 6.46816397646273
252 1 -1.0217447671644297
252 2 4.040188507692528
253 1 0.33766075039007104
253 2 5.609359662476709
254 1 -1.6300640411882228
254 2 7.2055934847489125
255 1 -0.2416071521175045
255 2 4.192455082482284
256 1 -0.7925720008629756
256 2 5.665143488232419
257 1 -1.3607169182863093
257 2 4.83681423398427
258 1 -0.7219603113067983
258 2 3.548888179913287
259 1 -1.76371145486642
259 2 5.9998421722723645
260 1 -3.0897794869772657
260 2 5.526869893106317
261 1 -1.5319754107218997
261 2 4.316368611207492
262 1 -1.3670078901842115
262 2 4.65450289429495
263 1 0.4243171126406855
263 2 5.285963420787992
264 1 -0.8773620841035742
264 2 4.352193753434138
265 1 -2.4106108242801056
265 2 5.123315985689829
266 1 -0.10735513465758961
266 2 1.7834882125725562
267 1 -1.6947507030319022
267 2 2.8027877543682242
268 1 -1.229784310442725
268 2 3.68716913611284
269 1 -1.6843166530409495
269 2 5.839832981807519
270 1 -2.5109587124593777
270 2 5.35812698876196
271 1 0.5320315870839223
271 2 4.119993350460121
272 1 -0.01721635160466195
272 2 3.557471256560926
273 1 -0.15562207012189844
273 2 5.212335093924456
274 1 0.09757703182601007
274 2 5.781572294777957
275 1 -0.19363055522740136
275 2 5.050354457077219
276 1 -1.8075479428848569
276 2 3.5715707403915973
277 1 -1.1568484901242173
277 2 5.644207391062353
278 1 -0.47998950976054067
278 2 5.961526668582072
279 1 -0.20240075044211148
279 2 4.790180749213453
280 1 -1.773261642331986
280 2 3.7078172327442385
281 1 -1.9994449378840362
281 2 5.288265519628227
282 1 -1.3697991593524217
282 2 4.474221500884779
283 1 0.361680554567297
283 2 4.542536129710217
284 1 -2.2850639567423956
284 2 4.023335841437591
285 1 -2.326975284375652
285 2 3.0784157680033166
286 1 -1.9740404012353419
286 2 3.2565418267449058
287 1 1.3009657875111786
287 2 4.80626254464985
288 1 -0.7342274771892208
288 2 4.518985075535747
289 1 -1.694779669241412
289 2 6.2411284215612035
290 1 -0.524033416388354
290 2 5.329386367288708
291 1 -2.062124335650398
291 2 5.737719960497243
292 1 -1.5521969936838937
292 2 4.374906486353953
293 1 -3.4791245466942464
293 2 5.121058151617628
294 1 -1.9109198407404642
294 2 5.2458025678964555
295 1 -2.715986775054195
295 2 4.783287776015567
296 1 -0.0509906170355805
296 2 6.592298654673412
297 1 -0.8677588753218748
297 2 6.5212771429228855
298 1 -1.5240503381582469
298 2 3.2537850659179197
299 1 -3.472192363783163
299 2 2.8435419879249766
300 1 -2.3016169510338083
300 2 5.757769778705679
301 1 -1.5987634319213382
301 2 4.6098424956840365
302 1 -1.645368024739401
302 2 4.051800462866716
303 1 -1.656684930106729
303 2 5.325539015972454
304 1 -2.168590770832325
304 2 5.9777791597729
305 1 -1.8430716082374894
305 2 5.470986051078756
306 1 -1.731129954302927
306 2 6.2019140945805225
307 1 -1.2395378458683202
307 2 5.128435326893467
308 1 -0.8504731950327831
308 2 6.39747727808519
309 1 -0.8817945803806891
309 2 4.492122729688137
310 1 -1.0121531492891336
310 2 7.172609647314283
311 1 -0.6004850013312544
311 2 4.204875415152077
312 1 -0.5643257747417278
312 2 6.320244746648433
313 1 0.8288871999304961
313 2 5.433481159068629
314 1 -0.4524261613492999
314 2 4.557773548225966
315 1 -0.46784586928266725
315 2 3.1037903754678684
316 1 -0.05344378473176947
316 2 3.262603403432131
317 1 -0.010446615996717812
317 2 5.372044618408244
318 1 -2.2842679446738634
318 2 4.1922365668816255
319 1 -0.8749712344000216
319 2 7.037361424978618
320 1 -0.75288840429686
320 2 5.642866901268522
321 1 0.04996816182575148
321 2 5.603307971119726
322 1 -0.3962003957956479
322 2 5.474574751535604
323 1 -0.49823936420857473
323 2 5.295416083600389
324 1 -0.9285374701793399
324 2 4.791816829447217
325 1 -0.3295387649914834
325 2 3.710475915826107
326 1 -2.5060771994598054
326 2 5.428061629560257
327 1 -1.5670268118435757
327 2 7.685860638782756
328 1 -0.8143081908519527
328 2 3.838482160290475
329 1 -0.9119893737032688
329 2 6.541532521163074
330 1 -1.6426031383942825
330 2 3.8180496676680518
331 1 -0.1840111822235606
331 2 6.069212624324676
332 1 -0.9464742566291462
332 2 3.190539613242639
333 1 -1.323169228002099
333 2 5.818426652138475
334 1 -1.35541288973175
334 2 3.6408895173198914
335 1 -0.8275231869798638
335 2 5.515479168548202
336 1 0.8565223233566379
336 2 5.766952468919195
337 1 -3.16654959321733
337 2 4.527606829955919
338 1 -1.596776016724046
338 2 5.137118346011426
339 1 -1.5552039319053064
339 2 5.924161743519717
340 1 -1.1361702018552418
340 2 4.8168115142784504
341 1 -1.2808777463308658
341 2 4.989375805230368
342 1 -1.214229699037976
342 2 4.89585695011132
343 1 -2.474735033328618
343 2 2.844656235166463
344 1 -1.2437889033103962
344 2 5.052779975571288
345 1 -0.6986661026846139
345 2 3.6372784685653765
346 1 -1.9852180502035237
346 2 3.0791761551090477
347 1 -0.7440330174938758
347 2 6.69226375236776
348 1 -1.91562253486633
348 2 3.1030325736186506
349 1 -0.9847102341017915
349 2 6.609454427188567
350 1 -1.3496475864146544
350 2 4.612956020974448
351 1 0.30257232139923107
351 2 4.286049100642518
352 1 -1.3077293035298068
352 2 3.5848222149115507
353 1 0.2962161179396565
353 2 7.127544685494222
354 1 0.3522054690718315
354 2 6.0913353705162585
355 1 -1.593726161779865
355 2 6.249953547281643
356 1 -1.605914699575794
356 2 4.8863720089459095
357 1 -1.0534040017944366
357 2 3.7187206639676176
358 1 -2.1952034208697184
358 2 6.205544433826209
359 1 -2.6935142918057386
359 2 6.285782011589158
360 1 -1.9479426021887782
360 2 3.134780121481148
361 1 0.16518013760706585
361 2 5.999498633057586
362 1 -1.0833491074783006
362 2 4.703361071313084
363 1 -1.456535411631764
363 2 5.104210469977645
364 1 -0.5765360532268871
364 2 3.7753501253743247
365 1 -0.5880170048996177
365 2 5.518014677286568
366 1 -1.5341290270452848
366 2 6.210982221539384
367 1 -1.2924335803165525
367 2 5.2442379914728265
368 1 -1.9479204694994732
368 2 5.4096135531588105
369 1 1.1536026583827583
369 2 3.8311876454145204
370 1 0.3393416985227429
370 2 5.594715222586503
371 1 -1.2871542294056115
371 2 5.820664527507404
372 1 0.6259660714613353
372 2 4.0087019745569865
373 1 -0.4585053522145889
373 2 3.1119975152347115
374 1 -0.6094677608247183
374 2 4.738550002014133
375 1 -1.521825811272481
375 2 5.116719146990087
376 1 -2.5856929971933598
376 2 3.9530260110543054
377 1 -0.7031235408453237
377 2 4.379285201112073
378 1 -0.38736451379349524
378 2 4.693763546639234
379 1 -1.0730511424057056
379 2 5.033004890044584
380 1 -0.6131533132420419
380 2 6.467894931470202
381 1 -1.0011658706552118
381 2 5.279071832313971
382 1 -1.3553988237312877
382 2 5.505408865221384
383 1 -0.5902194151538867
383 2 3.509935578489409
384 1 -1.7964602407789734
384 2 5.714308722454193
385 1 -1.4967032888654952
385 2 4.970907979536997
386 1 -1.0738506727038166
386 2 6.234903503893268
387 1 -0.5439648302442962
387 2 4.98463728424665
388 1 -2.1954727933608784
388 2 4.449229764595385
389 1 -1.4841642090285734
389 2 5.359325192711153
390 1 -1.3063600452438926
390 2 6.05798773576419
391 1 -3.513222386224262
391 2 5.473970414927938
392 1 -1.3208723591118554
392 2 5.675252752792266
393 1 -1.95690776101923
393 2 6.054437270111301
394 1 -1.410310839472015
394 2 5.030495487229886
395 1 -1.931390043917803
395 2 5.086000716655783
396 1 -0.15830927915098436
396 2 2.7195920405330023
397 1 -1.0587078533410148
397 2 5.948473433340359
398 1 -0.405115282333643
398 2 4.02652476545213
399 1 -0.5986772458041875
399 2 5.193410557970352
400 1 -0.5835058252923202
400 2 6.427444736499817
401 1 -1.189147704115531
401 2 5.520084471500006
402 1 -2.710285093914047
402 2 6.295115909774869
403 1 -3.1976038144603756
403 2 5.21682967877372
404 1 -1.9617118096996613
404 2 5.41768771712077
405 1 -2.6135021010948645
405 2 4.464396120493384
406 1 -0.29588165493408103
406 2 4.412705012083748
407 1 -2.6263606621132602
407 2 4.531449306657246
408 1 -2.4320675615235805
408 2 5.975806929922575
409 1 -2.402515089791013
409 2 5.855772895914723
410 1 -0.8367307874150708
410 2 2.9832975870459473
411 1 -2.028715277277443
411 2 6.062428209373337
412 1 -1.8938519824170748
412 2 2.4885074123745228
413 1 0.7747811216498697
413 2 4.711617802405915
414 1 -0.6506906894249291
414 2 6.00748863321196
415 1 -0.29642817269510724
415 2 6.343544819289453
416 1 -1.4612155291042728
416 2 6.259834505621287
417 1 -0.21262474654719243
417 2 6.03151290526953
418 1 -1.0934391779339139
418 2 3.298217249873514
419 1 -2.6393362956675657
419 2 5.5485445420072335
420 1 -1.4388417304513217
420 2 5.196966833663355
421 1 -1.3086914776200105
421 2 5.263165644166405
422 1 -1.6409748516962233
422 2 3.9324290516759266
423 1 -0.10802997754872501
423 2 6.615804976752544
424 1 0.21422452067211362
424 2 4.406010929579747
425 1 -2.6738623853279293
425 2 4.029621610865969
426 1 0.05836706865784236
426 2 5.930419229012105
427 1 -1.0468431973933547
427 2 6.252065552364038
428 1 -0.9759647161289339
428 2 6.490370257204814
429 1 -0.32310697260829424
429 2 5.847186978198543
430 1 -1.6340712996706621
430 2 4.605632657491274
431 1 -3.557635401571374
431 2 4.533130458002627
432 1 -0.46640902454626443
432 2 6.346311613467503
433 1 -1.8596254749422472
433 2 5.910946069510602
434 1 -1.723032691806992
434 2 4.354803443531907
435 1 -1.5916132820271218
435 2 3.919485850662655
436 1 -1.6027099555619007
436 2 4.623870602720361
437 1 -2.177883390919394
437 2 5.743499446775962
438 1 -2.8936822541555376
438 2 3.573484090339404
439 1 -1.8183273116079806
439 2 4.324828545619816
440 1 -0.5686732572727918
440 2 4.888774657767223
441 1 -0.32515454580900593
441 2 3.920956584960302
442 1 0.12143335303152347
442 2 5.195103582469413
443 1 -0.6537431932726542
443 2 5.096486167944623
444 1 -2.498380579103206
444 2 5.315785174884638
445 1 -1.810004928995993
445 2 4.233695928360037
446 1 0.2782253706458586
446 2 4.383893367418524
447 1 -1.583892203561203
447 2 5.711488997540587
448 1 -1.7747726557139845
448 2 6.035258801620563
449 1 -0.7595745273075986
449 2 2.8205123315104963
450 1 -2.3053977121791926
450 2 5.130506990642227
451 1 -2.3541586996682433
451 2 5.182396991313777
452 1 -1.794216292247833
452 2 4.609615124458488
453 1 -0.3765449806896859
453 2 5.0001734081452165
454 1 -1.5098057860432297
454 2 3.785223739291034
455 1 -2.0257651768913636
455 2 4.926838784565828
456 1 -2.358633030817429
456 2 5.292389789722154
457 1 -0.9029311793046997
457 2 6.2904560748477785
458 1 -1.9347987895891114
458 2 5.039096818161191
459 1 -2.0428133883357478
459 2 5.717207875140806
460 1 -3.747620853263942
460 2 4.821931984223027
461 1 -0.1837419862580929
461 2 5.451058154823496
462 1 -0.43380514871039544
462 2 6.183403729974817
463 1 -1.8007302884499365
463 2 2.8933221268592715
464 1 -1.4822015521617475
464 2 3.6164365367695384
465 1 -2.5953924703369076
465 2 3.7397679482755635
466 1 -0.7184738944073289
466 2 5.2949266085989155
467 1 -2.987365344033921
467 2 5.370889526707812
468 1 -2.7777950644857277
468 2 5.311615386370675
469 1 -1.5412493991048377
469 2 3.8704707563093885
470 1 -0.911492394088613
470 2 3.3874654732098914
471 1 -0.9026104747555713
471 2 4.404320683745821
472 1 -1.2153065116186814
472 2 7.897474040288488
473 1 0.3478738509373316
473 2 5.938279940147122
474 1 -0.18466934725928708
474 2 4.356979895690419
475 1 -2.0729916786523654
475 2 5.165330372862395
476 1 -1.8311073001367328
476 2 4.514855149908048
477 1 -3.0993603061830415
477 2 3.8931874450500223
478 1 -0.05734477405508054
478 2 7.7889171388783
479 1 -1.1933908178944892
479 2 4.81946856740376
480 1 -2.559518529230963
480 2 6.298848758890487
481 1 -1.5274164435348752
481 2 4.34528276638792
482 1 -0.9981777687927078
482 2 3.5827733321196895
483 1 -2.1073484578964456
483 2 4.287634053468114
484 1 -0.05088610922339076
484 2 4.8658278388986265
485 1 -1.8830141126721651
485 2 4.697926011930312
486 1 -1.7557784221003758
486 2 4.997609273851419
487 1 -2.013256739118848
487 2 5.048493292112612
488 1 -1.9566772768135228
488 2 4.419908443796036
489 1 -1.7963517185480202
489 2 5.814188545714724
490 1 -1.1475708514215717
490 2 3.591196960886637
491 1 -1.03237037669393
491 2 5.413576775346784
492 1 -1.5229281493023947
492 2 4.62477782319587
493 1 0.9915724754530952
493 2 4.013463438040451
494 1 -1.8259255707295812
494 2 4.139455924650769
495 1 -0.12696521165297425
495 2 6.122518366524567
496 1 -1.4079052788287179
496 2 7.160852261285752
497 1 -3.5382484161662697
497 2 6.304783632535373
498 1 -2.4929359757210956
498 2 6.357733033996487
499 1 -1.1945495604361032
499 2 7.140314893298479
500 1 -2.7438237591962977
500 2 5.395127631799323
501 1 0.1070491513652112
501 2 -3.591654924581952
502 1 2.469082523364041
502 2 -0.6295123431743086
503 1 1.457542243573635
503 2 -4.185492683285303
504 1 1.1460584371010074
504 2 -3.6280081307168683
505 1 0.17908586454095277
505 2 -1.0187265173396725
506 1 -0.6042425304996377
506 2 -4.026417443196487
507 1 0.42035505826222064
507 2 -2.479141396731786
508 1 0.41066115572693385
508 2 -3.316035815735568
509 1 2.8967731209348653
509 2 -2.6097373171569545
510 1 2.1870247094707613
510 2 -3.902779245315325
511 1 2.0426951448993194
511 2 -4.674753664397132
512 1 0.11308164946606247
512 2 -4.815670825947501
513 1 1.7259092424387994
513 2 -2.949633483062427
514 1 2.5107685288265555
514 2 -3.1659754208517934
515 1 0.3396834884996096
515 2 -3.5650808304804245
516 1 1.1626921051571246
516 2 -2.6956674340075564
517 1 -0.326137681230382
517 2 -2.6648899854186783
518 1 -0.7677106294356426
518 2 -3.6001623830921874
519 1 1.0267204763301248
519 2 -2.7420197259268035
520 1 1.185348104561303
520 2 -3.898734056353595
521 1 1.476755374424397
521 2 -3.3881578415368083
522 1 4.031746054094986
522 2 -1.7774041269623417
523 1 -0.547955878197377
523 2 -3.6119954129664964
524 1 -1.4923693440401604
524 2 -3.5357331412775324
525 1 1.869835505309816
525 2 -4.843271634340246
526 1 -0.21437166279626219
526 2 -4.239678767485557
527 1 1.496893486573317
527 2 -2.716972931303107
528 1 2.275105203388516
528 2 -1.988937920707873
529 1 1.819483952962209
529 2 -3.649176040372534
530 1 0.7713569778076361
530 2 -3.3208324732257757
531 1 1.965628679593376
531 2 -4.872777101829683
532 1 0.28052314103749976
532 2 -2.3173796291727395
533 1 0.2915712415665648
533 2 -3.5827370989595995
534 1 0.4779204969915116
534 2 -3.689398528910002
535 1 1.3041780289819163
535 2 -5.7556573886079905
536 1 0.29995217407841546
536 2 -3.777505583643934
537 1 2.798465243710746
537 2 -3.334419751358104
538 1 0.9006512646479907
538 2 -5.060252589033076
539 1 -1.2028160259277656
539 2 -4.301278220430903
540 1 0.17541611691694303
540 2 -2.9983140297981263
541 1 0.9085326912165452
541 2 -3.013423824097031
542 1 1.6319767635602958
542 2 -4.947483049531619
543 1 0.3051510900920186
543 2 -3.924105006927178
544 1 1.1126226013240563
544 2 -3.440882862113623
545 1 0.4030577311767104
545 2 -3.9861462122844737
546 1 0.9431288252907091
546 2 -3.1149770083330233
547 1 1.3631931412577574
547 2 -3.019465400698354
548 1 2.5321067368669388
548 2 -2.225570947886834
549 1 0.4494078815501873
549 2 -2.1428043093700784
550 1 0.5089714342725093
550 2 -2.447659266200583
551 1 -1.4419266349740365
551 2 -3.2448614545038517
552 1 1.082514184043976
552 2 -2.475813328868714
553 1 1.343103062273534
553 2 -3.771414826099984
554 1 0.6865319906454677
554 2 -1.7530915756958754
555 1 -0.056477026535062924
555 2 -3.7870636490610976
556 1 0.34777002383680733
556 2 -4.690318186683687
557 1 1.1495686531465636
557 2 -3.371136452055009
558 1 2.1090669926215853
558 2 -2.726371430847017
559 1 1.3010671905691242
559 2 -4.10988364300174
560 1 0.5021743423124225
560 2 -1.7810299327215309
561 1 2.0130421190390395
561 2 -2.786400879958336
562 1 0.6146830610692136
562 2 -3.66294156995048
563 1 -0.5816337112047059
563 2 -3.5482096790138935
564 1 0.6515937319730744
564 2 -3.4402861136575265
565 1 1.3237041193004817
565 2 -3.3207215745168304
566 1 1.572302401973612
566 2 -2.9734649733083227
567 1 2.50968472359448
567 2 -3.9146920844640514
568 1 0.9818128098501058
568 2 -2.703533578464503
569 1 2.4436915132773307
569 2 -6.109219642883102
570 1 2.040608682109113
570 2 -3.382364222179313
571 1 0.9339131470004911
571 2 -3.2537801568694222
572 1 2.244635279848228
572 2 -1.9643294346915317
573 1 0.24534576085532667
573 2 -5.371320803607215
574 1 1.2883923192341613
574 2 -3.9615770954110845
575 1 1.853851832891702
575 2 -3.00706689447153
576 1 0.8835020345440676
576 2 -3.44680004498304
577 1 1.2147210723597723
577 2 -3.664961221609258
578 1 2.411413052872301
578 2 -2.329341573928496
579 1 1.3194685049211285
579 2 -4.146993353810276
580 1 -0.38605075872855976
580 2 -4.582625775326601
581 1 2.229497536518993
581 2 -2.5846470987752497
582 1 1.0705291104377452
582 2 -3.270444622717716
583 1 0.9975265873889761
583 2 -3.014561762708444
584 1 -0.1768969674441414
584 2 -2.3343647880042804
585 1 1.7192310763641008
585 2 -3.112736379793237
586 1 -0.1388155853284021
586 2 -2.3689930825772127
587 1 0.565180272960845
587 2 -1.4772290068825953
588 1 2.08880532561209
588 2 -3.5974688960071464
589 1 0.6211394918125457
589 2 -4.135559668593818
590 1 0.7851677817589531
590 2 -2.536324102200272
591 1 1.8850444554419186
591 2 -2.653586260295458
592 1 1.6921287789348038
592 2 -3.022712913514768
593 1 0.7422746946826206
593 2 -4.415144861819221
594 1 1.8497837696167245
594 2 -4.267962651002452
595 1 0.4912473696374797
595 2 -3.979605479118435
596 1 0.17898344365337981
596 2 -4.0638853059806435
597 1 1.8720658946574391
597 2 -3.26937766856623
598 1 1.5004573197464237
598 2 -3.0809500262854437
599 1 1.6193334806813755
599 2 -3.605340730794313
600 1 1.1710152478565619
600 2 -3.9538634955551935
601 1 1.4646767137965349
601 2 -3.21445520018658
602 1 1.5860040067696362
602 2 -3.5135080840208572
603 1 1.0812459402942594
603 2 -2.523380197736542
604 1 0.5448913549059051
604 2 -5.082395447599981
605 1 0.8401852455859836
605 2 -4.992075121832116
606 1 1.2925403358688576
606 2 -3.803634651092236
607 1 0.34018621973840446
607 2 -1.7073833928338904
608 1 1.265354444813239
608 2 -3.8542004905986014
609 1 -0.15462091780334797
609 2 -5.323388467061896
610 1 0.6345940511284913
610 2 -2.6162445326302435
611 1 0.22233520948966923
611 2 -1.3925356659695711
612 1 1.634606016483123
612 2 -4.079863824781093
613 1 0.03657013734699399
613 2 -2.3898699348955184
614 1 1.2472695230681197
614 2 -3.9599648465719657
615 1 1.0632205541791642
615 2 -3.108697391781255
616 1 0.07876377508962251
616 2 -2.9425518715987007
617 1 1.1441214583920427
617 2 -3.042732597224194
618 1 -0.4748995592134231
618 2 -5.189491812325165
619 1 1.1706506867007973
619 2 -3.3652262931022436
620 1 0.2671294328667566
620 2 -4.011459827014027
621 1 0.9202641271201223
621 2 -5.058204539676648
622 1 1.4593834386223146
622 2 -0.7382482410304032
623 1 0.029823747495610675
623 2 -3.6665650785935058
624 1 -0.2526543837163244
624 2 -3.052223458552164
625 1 2.0088740336654367
625 2 -4.1167729303012095
626 1 1.6878307598213254
626 2 -2.1906505117364325
627 1 1.182742806569258
627 2 -3.8399512902058004
628 1 0.36791478255436794
628 2 -2.9562699118037004
629 1 0.666748841005424
629 2 -5.295919936208832
630 1 1.3452602965792926
630 2 -3.4204091428937775
631 1 0.3398865403023744
631 2 -3.837595151281048
632 1 -0.35659810615697296
632 2 -3.931650393917019
633 1 0.03684876239382717
633 2 -1.9612442393688096
634 1 1.8996347733693453
634 2 -4.596672831223523
635 1 0.036933026365611354
635 2 -4.29600748532307
636 1 2.165446907886182
636 2 -3.4012253882885175
637 1 1.9095289337358223
637 2 -2.4607852590306143
638 1 3.024582038220907
638 2 -1.7809788244479974
639 1 1.0233454084902605
639 2 -5.614919229647388
640 1 1.779166662090197
640 2 -5.318824849544033
641 1 -0.30063071955422194
641 2 -3.2722463280669865
642 1 2.087774482534824
642 2 -4.562600635198115
643 1 2.964866455716363
643 2 -4.032676144496946
644 1 1.284094450298818
644 2 -4.119796241304219
645 1 1.751451677834353
645 2 -1.8526612283434178
646 1 2.4514421242426394
646 2 -2.8472274413860874
647 1 1.2937241823325802
647 2 -2.096700084600779
648 1 1.3320898464352782
648 2 -2.5040478544010014
649 1 2.7492200658651766
649 2 -2.1583222244516493
650 1 3.507364862308513
650 2 -3.3307735378390886
651 1 3.088219376609626
651 2 -4.677138681026172
652 1 1.9329046106475252
652 2 -3.932260599936466
653 1 -0.029345204215668996
653 2 -2.7912792435460205
654 1 0.37872898810799205
654 2 -2.7914601090500835
655 1 -0.3390108703984147
655 2 -4.463734845563317
656 1 0.47612465093774636
656 2 -3.66703257200884
657 1 2.875428535372996
657 2 -2.4176364597840294
658 1 -1.525020221387293
658 2 -4.162002652780227
659 1 0.15085326369069307
659 2 -3.168214330273127
660 1 1.524402694878297
660 2 -3.7797065940653236
661 1 1.7059440896801532
661 2 -2.1118845285538317
662 1 -0.4118869289320508
662 2 -3.1992901668108606
663 1 0.6844872766558728
663 2 -3.994501101511072
664 1 0.1681953025575771
664 2 -3.7027840042247897
665 1 0.4675723892541066
665 2 -3.542618090445326
666 1 -0.7998864518584972
666 2 -2.8028230542436736
667 1 -1.115046207962632
667 2 -3.898559525424072
668 1 1.3694214613959952
668 2 -3.7843800916443224
669 1 1.25950912521232
669 2 -3.626194284117632
670 1 0.5155260845974814
670 2 -4.175764445121044
671 1 0.47526208695810546
671 2 -2.265794120170019
672 1 0.8836685499953847
672 2 -3.5951688750460713
673 1 -0.3416648256560082
673 2 -2.9782605783003766
674 1 -0.25117269335537884
674 2 -3.1345014950084082
675 1 1.580742764500674
675 2 -2.3750327851812956
676 1 1.6819471126758685
676 2 -1.988118062373544
677 1 1.111434115367588
677 2 -2.5737545630812964
678 1 0.8806183000021053
678 2 -4.77796991090902
679 1 2.176293662623277
679 2 -2.719538897232357
680 1 -0.2553881750563578
680 2 -5.012817239664905
681 1 -0.20274543621389607
681 2 -3.472217409150023
682 1 0.8102298162937636
682 2 -5.226866313960955
683 1 0.37101084369627535
683 2 -2.6797769614298934
684 1 0.8988208430651581
684 2 -2.553656255189315
685 1 1.2292724757607536
685 2 -2.856771965028203
686 1 1.7678379479675912
686 2 -4.255824175733245
687 1 -0.2947246748989303
687 2 -4.273889062109912
688 1 0.299232625970263
688 2 -1.7216453366155715
689 1 1.2458547126705528
689 2 -2.528561237448454
690 1 -0.186471358478141
690 2 -3.407621883371532
691 1 1.0469539598698507
691 2 -2.788602410679215
692 1 0.9797102897261487
692 2 -3.198163218723944
693 1 1.2535348820927033
693 2 -3.9145013260516786
694 1 3.0042838596573214
694 2 -4.868340615871717
695 1 1.9787043898529082
695 2 -2.2221551415724177
696 1 1.8798227680533834
696 2 -2.8896425270208126
697 1 1.7538117895502094
697 2 -4.816118772855987
698 1 1.8534472543472533
698 2 -2.6919408057924192
699 1 1.5658744568704275
699 2 -2.1659866358055746
700 1 1.5748126438678205
700 2 -5.662612007311536
701 1 4.761929088333821
701 2 3.648606278381745
702 1 5.052409971887185
702 2 4.071748614256965
703 1 2.9445069756340145
703 2 3.042528131659135
704 1 4.757905179553841
704 2 3.6429603839139304
705 1 5.485070521353337
705 2 5.437266664704046
706 1 3.817270103569416
706 2 2.7293939049511486
707 1 -0.27212845036762046
707 2 3.755273207342983
708 1 5.893404775128022
708 2 2.636077131624141
709 1 0.6432608494269525
709 2 0.23846715461509538
710 1 3.6938475620694806
710 2 2.533026858230669
711 1 1.449475571706454
711 2 1.283997003044158
712 1 2.6857065625485212
712 2 2.855726315430886
713 1 1.5689984683074845
713 2 0.7860106600037393
714 1 5.242360937230764
714 2 4.380561741215911
715 1 0.3108249930557965
715 2 -0.4969902308986507
716 1 2.1009724842673734
716 2 4.261284858634826
717 1 2.0273517206690546
717 2 4.507849228205169
718 1 4.465600754191289
718 2 3.758613470255571
719 1 4.400192491138087
719 2 4.696540902126969
720 1 2.860305629899224
720 2 2.6466839372890494
721 1 1.7601651647813052
721 2 1.921248791596905
722 1 3.0981535899406283
722 2 3.2092949259958297
723 1 5.493208735708721
723 2 0.9912857674320406
724 1 1.5401731778682888
724 2 2.4970572304724907
725 1 4.860938673292595
725 2 2.7583262211286863
726 1 4.0016582466024015
726 2 6.377301377812795
727 1 2.692249783960852
727 2 2.4162125828743717
728 1 2.7562318181090415
728 2 2.6900717296007226
729 1 5.083382568768942
729 2 3.541382160227625
730 1 5.481389644192413
730 2 4.67754873416934
731 1 3.6241554047605073
731 2 2.721659681478588
732 1 2.106245552403932
732 2 2.4578430326183454
733 1 5.496102547287446
733 2 5.82090123414198
734 1 0.7736736366122119
734 2 2.135580939120256
735 1 4.767278120265557
735 2 5.1125354301982515
736 1 0.8016299808113274
736 2 0.9269712763688926
737 1 2.0560303092667
737 2 7.115263632537463
738 1 3.515832297297222
738 2 2.887367688447489
739 1 4.627975526560721
739 2 3.0615384448981664
740 1 4.52748230141253
740 2 5.910886546421055
741 1 5.606755866410702
741 2 3.5302679995311124
742 1 1.8689998296104762
742 2 3.835508595197296
743 1 4.005710114576404
743 2 3.2144067031550163
744 1 4.121989078433363
744 2 4.148275717898178
745 1 4.240163477762454
745 2 3.0135521228358337
746 1 4.351172791349477
746 2 2.6478025100141815
747 1 3.445275188988815
747 2 4.3153070258527535
748 1 3.0492287072407036
748 2 0.905442665384538
749 1 3.9686738423788195
749 2 2.8246242305345297
750 1 2.4288959537262182
750 2 3.275461035485712
751 1 5.718723351254787
751 2 4.576481339028341
752 1 3.699774751695111
752 2 3.7708271299573948
753 1 2.43061604214222
753 2 0.7241344289540823
754 1 5.584954492497134
754 2 5.8286488766120215
755 1 3.900544616894795
755 2 3.447971030243909
756 1 0.1133001447465154
756 2 1.8137449295015342
757 1 0.04099618195848542
757 2 0.9107664064149588
758 1 0.860496331311531
758 2 2.8383493453489077
759 1 3.8903725658663766
759 2 5.022620712279313
760 1 4.324458123860076
760 2 3.462282447616656
761 1 2.1661149879320925
761 2 1.8482829691774447
762 1 2.720669598821801
762 2 2.5090151757251116
763 1 3.1976858214919917
763 2 3.3501703555827413
764 1 3.8199662871793683
764 2 3.157169770767921
765 1 4.10986874299909
765 2 1.7127436629234234
766 1 3.293030860903585
766 2 3.4518672503554053
767 1 3.1687631897624415
767 2 1.842822819333471
768 1 2.6467319400094635
768 2 2.764406446286709
769 1 4.8269063775215955
769 2 4.183327901393853
770 1 2.615859752614339
770 2 2.320296613008433
771 1 3.263819417916447
771 2 2.3491820665911143
772 1 3.8545599853192916
772 2 2.721053477466068
773 1 4.248909124275194
773 2 3.740961386085507
774 1 6.06283568917292
774 2 5.3076643468522064
775 1 4.865428707558838
775 2 4.3389209620818665
776 1 0.40485028810418244
776 2 1.6392453815569752
777 1 2.6688707918977053
777 2 1.5131523360720494
778 1 3.237573532129109
778 2 4.011792266722631
779 1 3.6535667858205363
779 2 3.936215264119429
780 1 3.357477720875847
780 2 3.5493560307149723
781 1 3.6602616528755485
781 2 4.733122310452382
782 1 0.9576863160663387
782 2 0.9572376067561867
783 1 2.8068197899577023
783 2 2.341334161135059
784 1 4.968574838483764
784 2 4.820144097091683
785 1 4.736742837638795
785 2 4.773641509137468
786 1 4.3295816206180415
786 2 5.543385340033544
787 1 1.9504801471779634
787 2 3.4398578856243915
788 1 3.0151243866823543
788 2 2.7766879931326005
789 1 2.468416456331681
789 2 2.7381672891202573
790 1 -0.2807739429814702
790 2 1.0524202304404882
791 1 4.787912762315422
791 2 3.585396079896631
792 1 1.4178870962957109
792 2 1.6396923082392763
793 1 3.0374681044160616
793 2 3.858317176867247
794 1 4.902594544937906
794 2 4.429521990307398
795 1 2.760428321389026
795 2 0.8891428383964595
796 1 3.439871308671626
796 2 4.6871204237498745
797 1 5.282375076050949
797 2 3.123777902678528
798 1 3.944087023087449
798 2 1.0223995890625854
799 1 3.8017917037273383
799 2 2.5240190936929143
800 1 3.9688233970914393
800 2 4.902784067366863
801 1 -4.281762236071854
801 2 5.248972296198605
802 1 -11.204725164568137
802 2 0.7007431941281734
803 1 -8.603534404782689
803 2 3.1132253368123775
804 1 -6.335879131883611
804 2 2.440656864115672
805 1 -7.0051642975369415
805 2 5.058640743484961
806 1 -7.925817167788265
806 2 2.4846107264074986
807 1 -10.271711838625919
807 2 2.5931231376792687
808 1 -7.818901029483175
808 2 4.520178177939341
809 1 -7.854721560709285
809 2 2.5305646239536377
810 1 -10.501915974853027
810 2 2.3406652801898193
811 1 -9.336908512095087
811 2 4.823048262418371
812 1 -12.033053796116118
812 2 1.4291398890723213
813 1 -4.383489502833533
813 2 5.85924112981042
814 1 -7.455882517814592
814 2 2.141997287084812
815 1 -8.929028817381555
815 2 4.577807351732899
816 1 -8.226810322916256
816 2 6.15239065477872
817 1 -7.714542504405513
817 2 2.576218522339179
818 1 -9.718336061410024
818 2 2.5379886902820123
819 1 -10.171688260447425
819 2 3.2392767418624295
820 1 -9.551431998929097
820 2 3.809730188462516
821 1 -9.560249631768608
821 2 1.656758418784371
822 1 -10.161804200255132
822 2 0.679848533932006
823 1 -8.328167901746367
823 2 3.837279233122296
824 1 -10.483649160756414
824 2 2.9948266943996673
825 1 -8.572385570726107
825 2 0.9914083924591335
826 1 -6.484282876235557
826 2 4.331516900907616
827 1 -11.133132478482443
827 2 3.0108271079737743
828 1 -8.006230630229908
828 2 3.521905655115078
829 1 -9.90373219735525
829 2 1.2513387148418995
830 1 -8.954661629053932
830 2 2.7339972102256915
831 1 -7.208086316819736
831 2 4.4002260280787615
832 1 -8.330518694813582
832 2 3.7461134783825263
833 1 -10.473845236559125
833 2 3.2502164494785504
834 1 -7.116906634099606
834 2 5.056391583148936
835 1 -7.123675571497161
835 2 0.7757266850930233
836 1 -9.474690723971648
836 2 3.4657504817859657
837 1 -8.822029568114278
837 2 2.3722852810085238
838 1 -10.223255531771835
838 2 2.372973077660687
839 1 -9.82729627613461
839 2 1.9115832669688233
840 1 -7.796206369213674
840 2 0.9834818036144182
841 1 -9.596069134950076
841 2 3.6196844629058225
842 1 -5.5341258434094955
842 2 3.137286418777012
843 1 -10.503842296495966
843 2 1.1408364094473795
844 1 -7.518053635618264
844 2 4.6429107442670965
845 1 -9.719040469229503
845 2 1.7041567735166923
846 1 -9.873690565864548
846 2 2.598147186541429
847 1 -11.721634263054009
847 2 -0.1587288454363165
848 1 -8.617795668881556
848 2 3.430555405474828
849 1 -7.020582139624311
849 2 2.477822779756802
850 1 -8.332441581023634
850 2 3.8509257758807793
851 1 -9.547267491453951
851 2 3.895774492026052
852 1 -8.816663249190416
852 2 3.386369334995738
853 1 -9.993268678431308
853 2 3.2268642400784016
854 1 -9.691643869521858
854 2 2.6425278596998796
855 1 -9.764037442387405
855 2 3.0451235617310313
856 1 -9.082942871217274
856 2 2.23792645754364
857 1 -9.92087464286147
857 2 2.3994109682411406
858 1 -9.543998169448889
858 2 3.210738744101449
859 1 -7.939347141197922
859 2 2.8259173383041847
860 1 -7.230001195201116
860 2 4.5398136261688595
861 1 -10.609181567552987
861 2 1.2347868193934683
862 1 -9.818882582153506
862 2 3.7520463492754392
863 1 -7.0102046079875
863 2 3.4608121048374314
864 1 -10.141521287450487
864 2 1.623463112872577
865 1 -10.748196363010338
865 2 1.475011921832842
866 1 -9.042367647959232
866 2 0.14266594588919634
867 1 -6.5184053718855
867 2 4.2638826622562105
868 1 -12.844880802731804
868 2 1.4354362559744434
869 1 -10.623649394503698
869 2 2.0097168819588074
870 1 -13.857055396993276
870 2 0.847481890956554
871 1 -9.058747911131094
871 2 1.653542453539623
872 1 -7.3702641824707005
872 2 3.3300061266092604
873 1 -8.607963552628968
873 2 2.2410851837593198
874 1 -8.708557889815454
874 2 2.682372925637314
875 1 -8.85775474113047
875 2 3.8925626252285714
876 1 -8.523636264381626
876 2 3.6267718439648244
877 1 -8.517707367967233
877 2 1.855843167016786
878 1 -8.232560330024743
878 2 3.45369836765391
879 1 -8.567618381531188
879 2 4.419543590430297
880 1 -9.210798047190199
880 2 1.691530022589987
881 1 -6.876833402084871
881 2 3.295700340915961
882 1 -9.35303373006424
882 2 3.624099084561741
883 1 -9.8250540034872
883 2 0.8125531653804803
884 1 -9.349230493598089
884 2 3.78732089533839
885 1 -6.831009519847335
885 2 3.985915294510793
886 1 -9.189019397526748
886 2 2.368005857500859
887 1 -10.507543142142048
887 2 2.4026268070341383
888 1 -9.032251290741184
888 2 3.2848720583390687
889 1 -9.266860092730774
889 2 1.0153276942024791
890 1 -10.454900262580402
890 2 -0.8621422806390253
891 1 -8.762822138417684
891 2 3.994811956864614
892 1 -9.178420887939838
892 2 1.3252126383694478
893 1 -9.735222610017066
893 2 2.81998793201582
894 1 -9.79952218677975
894 2 1.740999880064324
895 1 -8.681500481092836
895 2 2.02941651345943
896 1 -8.40131085859517
896 2 3.4268808751172033
897 1 -10.018552168065021
897 2 2.1760160531329125
898 1 -9.789992504067195
898 2 1.438190652043112
899 1 -8.02480480540948
899 2 5.199521553156354
900 1 -9.17360515726843
900 2 2.1272891328239756
901 1 -9.427358008540882
901 2 2.260885255232852
902 1 -9.349102677433844
902 2 3.981875245667959
903 1 -10.720201851748797
903 2 4.7388404330123555
904 1 -9.878326792799692
904 2 2.0996796865186096
905 1 -9.597295610011276
905 2 1.726546093104418
906 1 -10.658084662677306
906 2 1.2133242245299671
907 1 -11.992997194377374
907 2 1.121716706663755
908 1 -9.023891786322803
908 2 1.6778077659113726
909 1 -11.003394309283806
909 2 2.2083815946695484
910 1 -7.899667130658493
910 2 2.6074355489925276
911 1 -7.661531488926446
911 2 3.1002219631236434
912 1 -7.486263808701291
912 2 3.937255937326559
913 1 -7.844271783800213
913 2 4.136661313534921
914 1 -11.46838360562314
914 2 -1.6256678059467582
915 1 -9.743253512475782
915 2 2.4027920615523475
916 1 -8.292625679976192
916 2 5.190454470227603
917 1 -8.14803552232485
917 2 2.472020625036282
918 1 -12.365586282967858
918 2 0.21135792857470825
919 1 -8.809776564224626
919 2 1.7931637509046952
920 1 -9.707958797599886
920 2 3.3924492172797294
921 1 -10.458205477848917
921 2 3.040559326491905
922 1 -10.00222757270496
922 2 4.820263689337686
923 1 -7.982565408566196
923 2 4.347040301664759
924 1 -5.190665130547112
924 2 3.6522689223416185
925 1 -8.72624881189032
925 2 2.2961460608034905
926 1 -12.680348658425977
926 2 1.5119454071857465
927 1 -11.786411263582883
927 2 1.632013938144963
928 1 -8.035540389104856
928 2 2.462188999895321
929 1 -8.970411653816226
929 2 1.3436165056461031
930 1 -9.083904613105386
930 2 4.837650197983121
931 1 -9.663403935644666
931 2 2.1404506249435156
932 1 -7.909017822598033
932 2 2.3014403811895465
933 1 -9.31530279126615
933 2 2.3148224372028956
934 1 -7.8322766164501765
934 2 2.3438129749986976
935 1 -8.198602337706863
935 2 1.862493143885891
936 1 -9.179455263016237
936 2 2.5701837038549424
937 1 -5.062958044944745
937 2 4.409554591915237
938 1 -5.286232472618275
938 2 3.8802506114054984
939 1 -6.90292214379013
939 2 3.4776756260075894
940 1 -8.554576565915934
940 2 2.1211892125826686
941 1 -9.448474530682578
941 2 2.2083907917580925
942 1 -6.7554047976984855
942 2 3.5228183220726126
943 1 -9.344032296134303
943 2 4.353886725213662
944 1 -8.677078067477783
944 2 3.6204310669684387
945 1 -8.792557798379626
945 2 2.2781298036548905
946 1 -9.10305199947944
946 2 3.6904244376549933
947 1 -9.916706202340231
947 2 1.9143346560252281
948 1 -8.807975519705252
948 2 1.8219284735144181
949 1 -8.96709017726931
949 2 2.47960685624722
950 1 -7.361267301615109
950 2 5.508010277245356
951 1 -7.286390366588323
951 2 2.9008913386512925
952 1 -9.444946093503967
952 2 1.4599336040597717
953 1 -8.469976663386348
953 2 5.622000718097047
954 1 -9.733381244528678
954 2 1.1210164959989022
955 1 -10.83059707751114
955 2 3.0357086054071116
956 1 -9.673246337292715
956 2 2.0996752171383113
957 1 -11.27577037370037
957 2 1.6252698490582471
958 1 -8.61604618829575
958 2 4.175950697923065
959 1 -11.444518418246759
959 2 -0.431110832787283
960 1 -9.555023500651586
960 2 2.165623422240367
961 1 -6.505603466199089
961 2 3.547060371768646
962 1 -6.515267328360998
962 2 3.7240198912523184
963 1 -8.939173576415062
963 2 3.7165269161149217
964 1 -7.685100618790592
964 2 3.4968098081652794
965 1 -9.547434165017547
965 2 1.7284613591579425
966 1 -10.322606396006336
966 2 3.424611165598357
967 1 -8.835781122290753
967 2 1.3441835559860036
968 1 -9.530002848529497
968 2 2.924848611155205
969 1 -12.103494511859434
969 2 1.5915209817805354
970 1 -11.711950435049198
970 2 0.06397968802621667
971 1 -10.950089860843942
971 2 0.956606198826389
972 1 -8.706467531801097
972 2 2.8877555747867856
973 1 -9.502865195811815
973 2 3.506851669242911
974 1 -7.480067437148179
974 2 2.6833519298738233
975 1 -6.955801408494685
975 2 3.9296691148741063
976 1 -8.651753886675964
976 2 3.2983483922801984
977 1 -8.058792102552655
977 2 3.2947669994674005
978 1 -9.664863163396173
978 2 2.2022558027622408
979 1 -10.26818428092475
979 2 0.8891746642205973
980 1 -12.479794353649615
980 2 1.203438113138858
981 1 -7.312645427637789
981 2 2.710828242544205
982 1 -7.629533525418185
982 2 2.988108188163363
983 1 -9.419741557196364
983 2 2.0705839942148505
984 1 -9.948828809102123
984 2 1.4907027740947816
985 1 -9.505544965397359
985 2 2.697968599453307
986 1 -11.284650593327132
986 2 1.4174980748738961
987 1 -8.829390433899185
987 2 2.693565036260167
988 1 -11.931366797023998
988 2 -0.8495825512780892
989 1 -8.879298270975074
989 2 1.4843420138366545
990 1 -9.494864646070598
990 2 2.1084525996100014
991 1 -9.482107068365773
991 2 3.6158042777393113
992 1 -7.302124410010272
992 2 5.286040586639978
993 1 -5.412344995658394
993 2 4.097905989728595
994 1 -5.131189832743427
994 2 4.120784384241402
995 1 -6.921536287634476
995 2 4.215718929686161
996 1 -9.835700160791111
996 2 2.2556179381861305
997 1 -7.655539790965351
997 2 3.5460845189320724
998 1 -8.633949500655135
998 2 3.7784202146967085
999 1 -9.134721113111642
999 2 3.372973177899148
1000 1 -6.225131838053058
1000 2 3.7935026301725427
1001 1 -8.385034828188576
1001 2 2.693746935125435
1002 1 -7.904788750052658
1002 2 6.614175021255372
1003 1 -9.298479197109275
1003 2 4.3453047795206885
1004 1 -12.32052031165433
1004 2 2.2400040012711395
1005 1 -10.355551114036114
1005 2 1.394155006045352
1006 1 -11.671604155602592
1006 2 2.776469169098312
1007 1 -10.540523027671286
1007 2 2.043398073914817
1008 1 -7.520690942245244
1008 2 4.921216108538829
1009 1 -10.663999083142572
1009 2 0.47327068216932755
1010 1 -6.635295354404779
1010 2 3.2716112266843047
1011 1 -10.041668037080768
1011 2 3.080590203315057
1012 1 -8.908100368890729
1012 2 2.683606468803844
1013 1 -8.800597812621636
1013 2 3.137116374489734
1014 1 -10.512646921824295
1014 2 2.2083182025277237
1015 1 -8.341100587942062
1015 2 -0.006610834829913426
1016 1 -9.03179528040101
1016 2 3.3295238376307403
1017 1 -8.141395570448578
1017 2 2.32591688912928
1018 1 -8.50020925024856
1018 2 0.9057180368031426
1019 1 -8.007045130794998
1019 2 2.438664339145442
1020 1 -7.504598822286891
1020 2 3.590067309059509
1021 1 -8.955491457422001
1021 2 3.5241161620239976
1022 1 -8.95160447009215
1022 2 1.1378333102110767
1023 1 -6.814995767267493
1023 2 3.9184666824773142
1024 1 -8.783495145227464
1024 2 2.7957064881076144
1025 1 -9.17291158524325
1025 2 0.7851022513566093
1026 1 -8.89927182987972
1026 2 1.5454273936303382
1027 1 -7.512631490631643
1027 2 3.0379399833144562
1028 1 -5.668716002417508
1028 2 3.1126376953038344
1029 1 -10.337069365445657
1029 2 2.327668273654385
1030 1 -9.117067665193467
1030 2 1.8227799908200415
1031 1 -8.495651251805425
1031 2 2.177670486788096
1032 1 -11.695886523271316
1032 2 1.890974429292493
1033 1 -9.080634378451
1033 2 2.997750791598259
1034 1 -10.706347191325404
1034 2 0.2048752844601469
1035 1 -8.001208234851141
1035 2 1.1268628954704851
1036 1 -8.679066656502368
1036 2 3.1577302978436763
1037 1 -11.121165242217078
1037 2 2.2535248189876813
1038 1 -7.03880853946438
1038 2 4.186220942213568
1039 1 -7.084373568069179
1039 2 2.348574921613947
1040 1 -5.124294873565679
1040 2 4.3107109317954375
1041 1 -9.705796500477376
1041 2 3.6612601442224455
1042 1 -11.856174724147293
1042 2 0.3183642614782767
1043 1 -12.757429376641735
1043 2 1.9211593571077261
1044 1 -11.476186381419314
1044 2 0.32328940422604546
1045 1 -9.312810243966398
1045 2 2.826440733586249
1046 1 -11.57092362431394
1046 2 3.4785694212354326
1047 1 -7.892267820327142
1047 2 2.612893044818862
1048 1 -8.20053028864115
1048 2 0.5633228257021141
1049 1 -9.422704702292673
1049 2 1.9952535824024533
1050 1 -9.707360486894421
1050 2 1.150192187944842
1051 1 -8.863563379790966
1051 2 2.8646682458243578
1052 1 -12.326659069010535
1052 2 3.6703237168160836
1053 1 -4.955140959461805
1053 2 5.314432425161945
1054 1 -8.29508096834423
1054 2 3.580013770359932
1055 1 -7.035741264988513
1055 2 3.2865581461620073
1056 1 -5.76216608195039
1056 2 4.9367800796884715
1057 1 -11.796974994603161
1057 2 2.775790797333763
1058 1 -8.998551187970909
1058 2 2.7743739961591563
1059 1 -9.660357690821694
1059 2 3.2968471004378843
1060 1 -8.583162271856576
1060 2 3.9814421314035604
1061 1 -8.258407702410645
1061 2 3.280163467626865
1062 1 -10.725916347682121
1062 2 1.7248256459799987
1063 1 -9.895975462882765
1063 2 1.1554230124831077
1064 1 -9.26821992223368
1064 2 2.532893882111691
1065 1 -7.860497718901717
1065 2 2.92262079773322
1066 1 -8.829771658915776
1066 2 2.464121271869757
1067 1 -9.047777226960092
1067 2 2.6183534162610114
1068 1 -7.374390626430381
1068 2 4.286211056372943
1069 1 -10.622867530019484
1069 2 4.2065854223213535
1070 1 -6.89824874363874
1070 2 3.1708726709678703
1071 1 -9.125841881105258
1071 2 3.11051237061127
1072 1 -9.708339444998234
1072 2 2.4997143297176616
1073 1 -10.007012558465007
1073 2 2.8529153029932863
1074 1 -8.20158326044116
1074 2 4.206142035466108
1075 1 -12.343204675755635
1075 2 2.0054093732943077
1076 1 -13.756092751774682
1076 2 1.6124032304252567
1077 1 -11.949720547708564
1077 2 0.47222027550484036
1078 1 -7.449707656016406
1078 2 0.8740916245132533
1079 1 -12.108557972638568
1079 2 1.643596883399748
1080 1 -4.636856667525027
1080 2 5.869302820291555
1081 1 -9.968098782130753
1081 2 2.6582273804117413
1082 1 -7.651008667940424
1082 2 5.484478518898703
1083 1 -7.314163135619825
1083 2 2.5687692553510013
1084 1 -10.010929120738751
1084 2 2.4718974998930987
1085 1 -9.01542901964069
1085 2 4.542510626131094
1086 1 -9.853272132071146
1086 2 3.2237713127311527
1087 1 -11.5644047294718
1087 2 1.940044087634492
1088 1 -12.074801307340149
1088 2 3.096360488597672
1089 1 -4.296099661649863
1089 2 6.9792847233611015
1090 1 -7.77019942735598
1090 2 2.8335548639099235
1091 1 -5.8998076397184995
1091 2 3.5812786902147846
1092 1 -7.786496500252248
1092 2 3.469819379045969
1093 1 -7.327094196271478
1093 2 3.7296075288977293
1094 1 -10.403762927904983
1094 2 1.2452133465312691
1095 1 -8.613653667622792
1095 2 2.376425979579394
1096 1 -7.7973942067584705
1096 2 2.5805916488321623
1097 1 -10.798710166911023
1097 2 2.9671620273812547
1098 1 -6.821996724514082
1098 2 3.1116432255143223
1099 1 -6.965887852043689
1099 2 3.8952448279532064
1100 1 -7.868405370822369
1100 2 2.613847111003547
1101 1 8.842778240564932
1101 2 -3.3391035323689797
1102 1 10.300639496434146
1102 2 -9.09116833789642
1103 1 10.03997307432
1103 2 -7.5303979798693685
1104 1 10.473292548704842
1104 2 -5.880054824346178
1105 1 8.851887286052625
1105 2 -6.089650218473885
1106 1 7.764391710072935
1106 2 -4.835397338512246
1107 1 12.978882216615393
1107 2 -4.440522038950685
1108 1 11.969203749360949
1108 2 -5.595187747216255
1109 1 9.138405333548128
1109 2 -7.514238574066617
1110 1 8.988049066157776
1110 2 -5.55411528324807
1111 1 10.811045583514911
1111 2 -5.6461065126068455
1112 1 5.042215396275451
1112 2 -4.728080861207813
1113 1 11.51642798620555
1113 2 -8.002423345957574
1114 1 8.654133671238156
1114 2 -4.128985502195725
1115 1 7.980533310266839
1115 2 -7.046691809660107
1116 1 11.853433428373826
1116 2 -9.47510712523737
1117 1 9.883014113058765
1117 2 -4.7345376816460165
1118 1 9.829098034829254
1118 2 -9.427255034537477
1119 1 9.288862366779766
1119 2 -12.604488956219374
1120 1 6.066767567427199
1120 2 -10.249019406309856
1121 1 10.950952166651804
1121 2 -6.849028935147233
1122 1 9.574922782400026
1122 2 -5.2542544126127115
1123 1 5.794335081382852
1123 2 -6.794152955589917
1124 1 8.852337989233853
1124 2 -3.9470256341249566
1125 1 11.505533402962683
1125 2 -6.393175435628107
1126 1 7.460460033669177
1126 2 -5.574903413806093
1127 1 9.895963319179888
1127 2 -8.283403019174038
1128 1 6.544295150160497
1128 2 -4.852654201986644
1129 1 12.420069871210316
1129 2 -4.530855085488574
1130 1 8.766200276905526
1130 2 -6.529020079861265
1131 1 11.417172567894797
1131 2 -5.183217356594906
1132 1 5.896281838846528
1132 2 -4.3071028451616105
1133 1 9.671122455010785
1133 2 -7.219759355624674
1134 1 9.97240810255589
1134 2 -3.070646696571557
1135 1 12.251184598407335
1135 2 -8.979891551635967
1136 1 9.801308924939704
1136 2 -8.197440036967834
1137 1 10.489727057548903
1137 2 -8.63306991034381
1138 1 9.559644172117151
1138 2 -5.437620429502295
1139 1 13.189514382679848
1139 2 -7.284700718598389
1140 1 12.263994796252653
1140 2 -11.040277706195463
1141 1 12.991915798749458
1141 2 -5.017497429426944
1142 1 10.76051573908314
1142 2 -6.849525752692568
1143 1 8.536751993993075
1143 2 -8.192746707585966
1144 1 9.893910056130219
1144 2 -1.3831674991039877
1145 1 9.743317494743367
1145 2 -8.865767199635892
1146 1 11.572467889665596
1146 2 -1.0953331900284784
1147 1 8.320418631678022
1147 2 -5.222851771117269
1148 1 11.1727776292741
1148 2 -8.000970093232421
1149 1 9.667641266754552
1149 2 -4.186479301235483
1150 1 11.217690711755646
1150 2 -3.8847904105100604
;